Disp(mm)  Force(kN)
0,0
0.2,0.189
0.4,0.365
0.6,0.514
0.8,0.63
1,0.726
1.2,0.812
1.4,0.892
1.6,0.966
1.8,1.034
2,1.097
2.2,1.154
2.4,1.207
2.6,1.251
2.8,1.288
3,1.322
3.2,1.354
3.4,1.383
3.6,1.411
3.8,1.438
4,1.463
4.2,1.487
4.4,1.51
4.6,1.532
4.8,1.553
5,1.573
5.2,1.593
5.4,1.612
5.6,1.63
5.8,1.648
6,1.665
6.2,1.682
6.4,1.699
6.6,1.715
6.8,1.731
7,1.746
7.2,1.762
7.4,1.776
7.6,1.791
7.8,1.806
8,1.82
8.2,1.834
8.4,1.848
8.6,1.861
8.8,1.875
9,1.888
9.2,1.901
9.4,1.914
9.6,1.927
9.8,1.939
10,1.952
10.2,1.964
10.4,1.976
10.6,1.988
10.8,1.999
11,2.01
11.2,2.021
11.4,2.032
11.6,2.042
11.8,2.052
12,2.062
12.2,2.072
12.4,2.081
12.6,2.089
12.8,2.096
13,2.103
13.2,2.109
13.4,2.115
13.6,2.121
13.8,2.126
14,2.131
14.2,2.135
14.4,2.139
14.6,2.143
14.8,2.146
15,2.149
15.2,2.152
15.4,2.155
15.6,2.157
15.8,2.157
16,2.157
16.2,2.156
16.4,2.155
16.6,2.153
16.8,2.151
17,2.149
17.2,2.145
17.4,2.142
17.6,2.137
17.8,2.133
18,2.128
18.2,2.122
18.4,2.116
18.6,2.11
18.8,2.103
19,2.096
19.2,2.088
19.4,2.078
19.6,2.069
19.8,2.059
20,2.048
20.2,2.037
20.4,2.026
20.6,2.015
20.8,2.004
21,1.992
21.2,1.981
21.4,1.969
21.6,1.957
21.8,1.945
22,1.932
22.2,1.92
22.4,1.907
22.6,1.895
22.8,1.882
23,1.87
23.2,1.857
23.4,1.844
23.6,1.831
23.8,1.818
24,1.806
23.8,1.616
23.6,1.438
23.4,1.282
23.2,1.128
23,0.986
22.8,0.871
22.6,0.781
22.4,0.702
22.2,0.629
22,0.558
21.8,0.499
21.6,0.443
21.4,0.398
21.2,0.354
21,0.309
20.8,0.265
20.6,0.225
20.4,0.191
20.2,0.167
20,0.145
19.8,0.123
19.6,0.105
19.4,0.09
19.2,0.076
19,0.063
18.8,0.049
18.6,0.038
18.4,0.03
18.2,0.023
18,0.016
17.8,0.01
17.6,0.003
17.4,-0.002
17.2,-0.006
17,-0.009
16.8,-0.012
16.6,-0.015
16.4,-0.017
16.2,-0.02
16,-0.022
15.8,-0.025
15.6,-0.027
15.4,-0.028
15.2,-0.03
15,-0.031
14.8,-0.032
14.6,-0.034
14.4,-0.035
14.2,-0.036
14,-0.038
13.8,-0.039
13.6,-0.04
13.4,-0.042
13.2,-0.043
13,-0.045
12.8,-0.046
12.6,-0.048
12.4,-0.05
12.2,-0.051
12,-0.053
11.8,-0.055
11.6,-0.056
11.4,-0.058
11.2,-0.06
11,-0.063
10.8,-0.065
10.6,-0.069
10.4,-0.075
10.2,-0.081
10,-0.087
9.8,-0.093
9.6,-0.101
9.4,-0.108
9.2,-0.114
9,-0.12
8.8,-0.126
8.6,-0.131
8.4,-0.136
8.2,-0.141
8,-0.147
7.8,-0.152
7.6,-0.157
7.4,-0.163
7.2,-0.168
7,-0.175
6.8,-0.182
6.6,-0.188
6.4,-0.195
6.2,-0.202
6,-0.209
5.8,-0.216
5.6,-0.222
5.4,-0.229
5.2,-0.236
5,-0.242
4.8,-0.25
4.6,-0.257
4.4,-0.265
4.2,-0.272
4,-0.283
3.8,-0.297
3.6,-0.31
3.4,-0.323
3.2,-0.335
3,-0.346
2.8,-0.359
2.6,-0.375
2.4,-0.39
2.2,-0.406
2,-0.421
1.8,-0.44
1.6,-0.462
1.4,-0.483
1.2,-0.513
1,-0.545
0.8,-0.575
0.6,-0.604
0.4,-0.635
0.2,-0.692
0,-0.747
-0.2,-0.809
-0.4,-0.869
-0.6,-0.925
-0.8,-0.977
-1,-1.025
-1.2,-1.071
-1.4,-1.113
-1.6,-1.153
-1.8,-1.191
-2,-1.226
-2.2,-1.259
-2.4,-1.29
-2.6,-1.32
-2.8,-1.349
-3,-1.376
-3.2,-1.402
-3.4,-1.427
-3.6,-1.45
-3.8,-1.473
-4,-1.495
-4.2,-1.516
-4.4,-1.537
-4.6,-1.557
-4.8,-1.576
-5,-1.594
-5.2,-1.612
-5.4,-1.63
-5.6,-1.647
-5.8,-1.664
-6,-1.68
-6.2,-1.696
-6.4,-1.711
-6.6,-1.727
-6.8,-1.742
-7,-1.756
-7.2,-1.771
-7.4,-1.785
-7.6,-1.799
-7.8,-1.813
-8,-1.827
-8.2,-1.84
-8.4,-1.853
-8.6,-1.866
-8.8,-1.879
-9,-1.892
-9.2,-1.905
-9.4,-1.917
-9.6,-1.93
-9.8,-1.942
-10,-1.954
-10.2,-1.966
-10.4,-1.979
-10.6,-1.99
-10.8,-2.001
-11,-2.011
-11.2,-2.022
-11.4,-2.032
-11.6,-2.043
-11.8,-2.053
-12,-2.063
-11.8,-1.868
-11.6,-1.673
-11.4,-1.479
-11.2,-1.285
-11,-1.098
-10.8,-0.927
-10.6,-0.77
-10.4,-0.626
-10.2,-0.487
-10,-0.353
-9.8,-0.236
-9.6,-0.141
-9.4,-0.071
-9.2,-0.028
-9,0.003
-8.8,0.024
-8.6,0.037
-8.4,0.042
-8.2,0.046
-8,0.051
-7.8,0.055
-7.6,0.06
-7.4,0.064
-7.2,0.067
-7,0.068
-6.8,0.07
-6.6,0.072
-6.4,0.074
-6.2,0.075
-6,0.077
-5.8,0.079
-5.6,0.081
-5.4,0.083
-5.2,0.085
-5,0.087
-4.8,0.089
-4.6,0.091
-4.4,0.093
-4.2,0.094
-4,0.096
-3.8,0.098
-3.6,0.099
-3.4,0.101
-3.2,0.103
-3,0.104
-2.8,0.106
-2.6,0.108
-2.4,0.109
-2.2,0.111
-2,0.113
-1.8,0.114
-1.6,0.117
-1.4,0.119
-1.2,0.121
-1,0.122
-0.8,0.126
-0.6,0.13
-0.4,0.133
-0.2,0.137
0,0.141
0.2,0.144
0.4,0.148
0.6,0.152
0.8,0.156
1,0.161
1.2,0.167
1.4,0.173
1.6,0.179
1.8,0.184
2,0.191
2.2,0.201
2.4,0.212
2.6,0.222
2.8,0.232
3,0.242
3.2,0.252
3.4,0.262
3.6,0.271
3.8,0.28
4,0.288
4.2,0.295
4.4,0.301
4.6,0.308
4.8,0.314
5,0.32
5.2,0.326
5.4,0.331
5.6,0.337
5.8,0.343
6,0.349
6.2,0.354
6.4,0.36
6.6,0.365
6.8,0.371
7,0.378
7.2,0.384
7.4,0.391
7.6,0.398
7.8,0.404
8,0.41
8.2,0.416
8.4,0.422
8.6,0.428
8.8,0.434
9,0.44
9.2,0.446
9.4,0.452
9.6,0.458
9.8,0.464
10,0.469
10.2,0.475
10.4,0.48
10.6,0.486
10.8,0.491
11,0.501
11.2,0.512
11.4,0.522
11.6,0.533
11.8,0.544
12,0.556
12.2,0.567
12.4,0.578
12.6,0.589
12.8,0.6
13,0.612
13.2,0.623
13.4,0.634
13.6,0.646
13.8,0.658
14,0.67
14.2,0.682
14.4,0.694
14.6,0.705
14.8,0.717
15,0.729
15.2,0.74
15.4,0.752
15.6,0.764
15.8,0.775
16,0.787
16.2,0.798
16.4,0.81
16.6,0.821
16.8,0.833
17,0.844
17.2,0.856
17.4,0.867
17.6,0.884
17.8,0.903
18,0.923
18.2,0.942
18.4,0.962
18.6,0.982
18.8,1.001
19,1.021
19.2,1.04
19.4,1.06
19.6,1.079
19.8,1.098
20,1.118
20.2,1.137
20.4,1.156
20.6,1.175
20.8,1.194
21,1.213
21.2,1.232
21.4,1.258
21.6,1.284
21.8,1.318
22,1.352
22.2,1.386
22.4,1.42
22.6,1.454
22.8,1.488
23,1.522
23.2,1.568
23.4,1.614
23.6,1.656
23.8,1.68
24,1.673
23.8,1.485
23.6,1.316
23.4,1.162
23.2,1.012
23,0.874
22.8,0.769
22.6,0.684
22.4,0.606
22.2,0.538
22,0.477
21.8,0.424
21.6,0.379
21.4,0.334
21.2,0.297
21,0.266
20.8,0.236
20.6,0.209
20.4,0.182
20.2,0.159
20,0.137
19.8,0.114
19.6,0.092
19.4,0.075
19.2,0.061
19,0.047
18.8,0.033
18.6,0.02
18.4,0.009
18.2,0.001
18,-0.003
17.8,-0.007
17.6,-0.011
17.4,-0.016
17.2,-0.02
17,-0.024
16.8,-0.027
16.6,-0.029
16.4,-0.032
16.2,-0.035
16,-0.037
15.8,-0.039
15.6,-0.041
15.4,-0.043
15.2,-0.045
15,-0.047
14.8,-0.049
14.6,-0.05
14.4,-0.052
14.2,-0.053
14,-0.055
13.8,-0.057
13.6,-0.058
13.4,-0.06
13.2,-0.061
13,-0.063
12.8,-0.065
12.6,-0.066
12.4,-0.068
12.2,-0.07
12,-0.071
11.8,-0.073
11.6,-0.075
11.4,-0.077
11.2,-0.078
11,-0.08
10.8,-0.082
10.6,-0.084
10.4,-0.085
10.2,-0.087
10,-0.089
9.8,-0.09
9.6,-0.092
9.4,-0.093
9.2,-0.096
9,-0.098
8.8,-0.1
8.6,-0.102
8.4,-0.104
8.2,-0.107
8,-0.109
7.8,-0.111
7.6,-0.113
7.4,-0.114
7.2,-0.12
7,-0.125
6.8,-0.132
6.6,-0.141
6.4,-0.15
6.2,-0.158
6,-0.166
5.8,-0.172
5.6,-0.177
5.4,-0.182
5.2,-0.187
5,-0.191
4.8,-0.197
4.6,-0.203
4.4,-0.209
4.2,-0.215
4,-0.22
3.8,-0.226
3.6,-0.232
3.4,-0.237
3.2,-0.242
3,-0.248
2.8,-0.253
2.6,-0.258
2.4,-0.263
2.2,-0.27
2,-0.276
1.8,-0.283
1.6,-0.289
1.4,-0.296
1.2,-0.302
1,-0.309
0.8,-0.315
0.6,-0.322
0.4,-0.328
0.2,-0.334
0,-0.341
-0.2,-0.347
-0.4,-0.353
-0.6,-0.36
-0.8,-0.366
-1,-0.372
-1.2,-0.378
-1.4,-0.384
-1.6,-0.391
-1.8,-0.398
-2,-0.405
-2.2,-0.412
-2.4,-0.418
-2.6,-0.431
-2.8,-0.443
-3,-0.456
-3.2,-0.47
-3.4,-0.483
-3.6,-0.497
-3.8,-0.51
-4,-0.523
-4.2,-0.536
-4.4,-0.548
-4.6,-0.561
-4.8,-0.574
-5,-0.586
-5.2,-0.603
-5.4,-0.62
-5.6,-0.637
-5.8,-0.654
-6,-0.67
-6.2,-0.687
-6.4,-0.703
-6.6,-0.719
-6.8,-0.735
-7,-0.749
-7.2,-0.764
-7.4,-0.778
-7.6,-0.792
-7.8,-0.822
-8,-0.852
-8.2,-0.882
-8.4,-0.912
-8.6,-0.942
-8.8,-0.972
-9,-1.002
-9.2,-1.031
-9.4,-1.073
-9.6,-1.121
-9.8,-1.174
-10,-1.232
-10.2,-1.294
-10.4,-1.357
-10.6,-1.419
-10.8,-1.481
-11,-1.543
-11.2,-1.604
-11.4,-1.664
-11.6,-1.724
-11.8,-1.784
-12,-1.843
-11.8,-1.65
-11.6,-1.457
-11.4,-1.265
-11.2,-1.073
-11,-0.888
-10.8,-0.717
-10.6,-0.557
-10.4,-0.423
-10.2,-0.319
-10,-0.238
-9.8,-0.168
-9.6,-0.119
-9.4,-0.076
-9.2,-0.033
-9,0.002
-8.8,0.028
-8.6,0.043
-8.4,0.047
-8.2,0.052
-8,0.056
-7.8,0.06
-7.6,0.064
-7.4,0.065
-7.2,0.067
-7,0.069
-6.8,0.071
-6.6,0.073
-6.4,0.075
-6.2,0.077
-6,0.079
-5.8,0.08
-5.6,0.082
-5.4,0.084
-5.2,0.086
-5,0.087
-4.8,0.089
-4.6,0.091
-4.4,0.093
-4.2,0.094
-4,0.096
-3.8,0.097
-3.6,0.099
-3.4,0.101
-3.2,0.102
-3,0.104
-2.8,0.105
-2.6,0.107
-2.4,0.109
-2.2,0.11
-2,0.112
-1.8,0.113
-1.6,0.115
-1.4,0.117
-1.2,0.118
-1,0.12
-0.8,0.121
-0.6,0.123
-0.4,0.125
-0.2,0.127
0,0.129
0.2,0.131
0.4,0.133
0.6,0.135
0.8,0.137
1,0.139
1.2,0.142
1.4,0.145
1.6,0.149
1.8,0.152
2,0.155
2.2,0.158
2.4,0.161
2.6,0.165
2.8,0.168
3,0.172
3.2,0.177
3.4,0.183
3.6,0.189
3.8,0.194
4,0.201
4.2,0.211
4.4,0.221
4.6,0.232
4.8,0.242
5,0.252
5.2,0.262
5.4,0.272
5.6,0.282
5.8,0.291
6,0.301
6.2,0.309
6.4,0.317
6.6,0.323
6.8,0.33
7,0.336
7.2,0.342
7.4,0.348
7.6,0.353
7.8,0.359
8,0.365
8.2,0.37
8.4,0.376
8.6,0.382
8.8,0.387
9,0.394
9.2,0.401
9.4,0.407
9.6,0.414
9.8,0.42
10,0.427
10.2,0.434
10.4,0.44
10.6,0.447
10.8,0.453
11,0.46
11.2,0.467
11.4,0.473
11.6,0.479
11.8,0.485
12,0.491
12.2,0.496
12.4,0.502
12.6,0.507
12.8,0.512
13,0.522
13.2,0.532
13.4,0.542
13.6,0.553
13.8,0.564
14,0.575
14.2,0.586
14.4,0.597
14.6,0.608
14.8,0.619
15,0.631
15.2,0.642
15.4,0.653
15.6,0.664
15.8,0.676
16,0.688
16.2,0.7
16.4,0.712
16.6,0.724
16.8,0.736
17,0.748
17.2,0.76
17.4,0.772
17.6,0.783
17.8,0.795
18,0.807
18.2,0.819
18.4,0.83
18.6,0.842
18.8,0.855
19,0.877
19.2,0.9
19.4,0.92
19.6,0.939
19.8,0.958
20,0.978
20.2,0.997
20.4,1.017
20.6,1.036
20.8,1.055
21,1.075
21.2,1.094
21.4,1.114
21.6,1.133
21.8,1.152
22,1.172
22.2,1.191
22.4,1.218
22.6,1.252
22.8,1.286
23,1.32
23.2,1.354
23.4,1.388
23.6,1.434
23.8,1.48
24,1.533
23.8,1.344
23.6,1.176
23.4,1.021
23.2,0.873
23,0.768
22.8,0.67
22.6,0.584
22.4,0.505
22.2,0.436
22,0.388
21.8,0.353
21.6,0.321
21.4,0.289
21.2,0.261
21,0.234
20.8,0.208
20.6,0.186
20.4,0.163
20.2,0.141
20,0.118
19.8,0.101
19.6,0.085
19.4,0.07
19.2,0.056
19,0.042
18.8,0.028
18.6,0.014
18.4,0.005
18.2,-0.001
18,-0.005
17.8,-0.009
17.6,-0.014
17.4,-0.018
17.2,-0.022
17,-0.025
16.8,-0.028
16.6,-0.031
16.4,-0.033
16.2,-0.036
16,-0.038
15.8,-0.041
15.6,-0.043
15.4,-0.045
15.2,-0.047
15,-0.049
14.8,-0.051
14.6,-0.052
14.4,-0.054
14.2,-0.056
14,-0.058
13.8,-0.059
13.6,-0.061
13.4,-0.063
13.2,-0.065
13,-0.066
12.8,-0.068
12.6,-0.069
12.4,-0.071
12.2,-0.073
12,-0.074
11.8,-0.076
11.6,-0.078
11.4,-0.08
11.2,-0.081
11,-0.083
10.8,-0.085
10.6,-0.086
10.4,-0.088
10.2,-0.09
10,-0.092
9.8,-0.094
9.6,-0.095
9.4,-0.097
9.2,-0.098
9,-0.1
8.8,-0.101
8.6,-0.103
8.4,-0.104
8.2,-0.106
8,-0.107
7.8,-0.108
7.6,-0.11
7.4,-0.112
7.2,-0.113
7,-0.115
6.8,-0.117
6.6,-0.119
6.4,-0.121
6.2,-0.122
6,-0.124
5.8,-0.126
5.6,-0.128
5.4,-0.133
5.2,-0.138
5,-0.145
4.8,-0.154
4.6,-0.162
4.4,-0.171
4.2,-0.18
4,-0.188
3.8,-0.197
3.6,-0.207
3.4,-0.216
3.2,-0.222
3,-0.228
2.8,-0.234
2.6,-0.24
2.4,-0.246
2.2,-0.251
2,-0.256
1.8,-0.262
1.6,-0.267
1.4,-0.273
1.2,-0.28
1,-0.286
0.8,-0.293
0.6,-0.3
0.4,-0.306
0.2,-0.313
0,-0.319
-0.2,-0.326
-0.4,-0.332
-0.6,-0.339
-0.8,-0.345
-1,-0.352
-1.2,-0.358
-1.4,-0.365
-1.6,-0.371
-1.8,-0.378
-2,-0.384
-2.2,-0.391
-2.4,-0.399
-2.6,-0.406
-2.8,-0.414
-3,-0.421
-3.2,-0.428
-3.4,-0.436
-3.6,-0.448
-3.8,-0.462
-4,-0.475
-4.2,-0.489
-4.4,-0.502
-4.6,-0.516
-4.8,-0.529
-5,-0.543
-5.2,-0.556
-5.4,-0.568
-5.6,-0.581
-5.8,-0.594
-6,-0.611
-6.2,-0.628
-6.4,-0.645
-6.6,-0.662
-6.8,-0.679
-7,-0.696
-7.2,-0.713
-7.4,-0.729
-7.6,-0.746
-7.8,-0.762
-8,-0.778
-8.2,-0.794
-8.4,-0.817
-8.6,-0.85
-8.8,-0.881
-9,-0.911
-9.2,-0.941
-9.4,-0.971
-9.6,-1
-9.8,-1.03
-10,-1.065
-10.2,-1.118
-10.4,-1.17
-10.6,-1.232
-10.8,-1.294
-11,-1.356
-11.2,-1.418
-11.4,-1.48
-11.6,-1.541
-11.8,-1.603
-12,-1.664
-11.8,-1.47
-11.6,-1.276
-11.4,-1.084
-11.2,-0.894
-11,-0.709
-10.8,-0.545
-10.6,-0.426
-10.4,-0.329
-10.2,-0.256
-10,-0.205
-9.8,-0.162
-9.6,-0.118
-9.4,-0.075
-9.2,-0.038
-9,-0.006
-8.8,0.023
-8.6,0.044
-8.4,0.051
-8.2,0.055
-8,0.059
-7.8,0.062
-7.6,0.064
-7.4,0.065
-7.2,0.067
-7,0.069
-6.8,0.071
-6.6,0.073
-6.4,0.074
-6.2,0.076
-6,0.078
-5.8,0.08
-5.6,0.082
-5.4,0.084
-5.2,0.085
-5,0.087
-4.8,0.089
-4.6,0.091
-4.4,0.092
-4.2,0.094
-4,0.096
-3.8,0.097
-3.6,0.098
-3.4,0.1
-3.2,0.101
-3,0.103
-2.8,0.104
-2.6,0.106
-2.4,0.107
-2.2,0.109
-2,0.111
-1.8,0.112
-1.6,0.114
-1.4,0.115
-1.2,0.117
-1,0.118
-0.8,0.12
-0.6,0.121
-0.4,0.122
-0.2,0.124
0,0.125
0.2,0.126
0.4,0.128
0.6,0.129
0.8,0.131
1,0.132
1.2,0.133
1.4,0.135
1.6,0.137
1.8,0.139
2,0.141
1.8,0.109
1.6,0.08
1.4,0.053
1.2,0.028
1,0.006
0.8,-0.014
0.6,-0.039
0.4,-0.063
0.2,-0.084
0,-0.099
-0.2,-0.114
-0.4,-0.128
-0.6,-0.139
-0.8,-0.147
-1,-0.155
-0.8,-0.123
-0.6,-0.092
-0.4,-0.06
-0.2,-0.029
0,-0.002
0.2,0.022
0.4,0.044
0.6,0.065
0.8,0.084
1,0.099
1.2,0.111
1.4,0.122
1.6,0.13
1.8,0.137
2,0.141
1.8,0.109
1.6,0.082
1.4,0.054
1.2,0.028
1,0.005
0.8,-0.017
0.6,-0.045
0.4,-0.07
0.2,-0.09
0,-0.106
-0.2,-0.121
-0.4,-0.135
-0.6,-0.144
-0.8,-0.153
-1,-0.16
-0.8,-0.128
-0.6,-0.097
-0.4,-0.065
-0.2,-0.032
0,-0.005
0.2,0.023
0.4,0.045
0.6,0.066
0.8,0.084
1,0.098
1.2,0.11
1.4,0.121
1.6,0.129
1.8,0.135
2,0.141
1.8,0.109
1.6,0.081
1.4,0.053
1.2,0.027
1,0.004
0.8,-0.019
0.6,-0.048
0.4,-0.072
0.2,-0.092
0,-0.111
-0.2,-0.125
-0.4,-0.138
-0.6,-0.147
-0.8,-0.156
-1,-0.163
-0.8,-0.131
-0.6,-0.099
-0.4,-0.067
-0.2,-0.033
0,-0.003
0.2,0.024
0.4,0.048
0.6,0.068
0.8,0.086
1,0.099
1.2,0.111
1.4,0.122
1.6,0.13
1.8,0.136
2,0.142
2.2,0.146
2.4,0.149
2.6,0.152
2.8,0.155
3,0.159
3.2,0.162
3.4,0.165
3.6,0.168
3.8,0.171
4,0.174
3.8,0.143
3.6,0.111
3.4,0.079
3.2,0.047
3,0.016
2.8,-0.014
2.6,-0.038
2.4,-0.058
2.2,-0.075
2,-0.089
1.8,-0.101
1.6,-0.11
1.4,-0.116
1.2,-0.122
1,-0.13
0.8,-0.138
0.6,-0.146
0.4,-0.151
0.2,-0.156
0,-0.161
-0.2,-0.164
-0.4,-0.166
-0.6,-0.168
-0.8,-0.17
-1,-0.172
-1.2,-0.175
-1.4,-0.177
-1.6,-0.179
-1.8,-0.181
-2,-0.183
-1.8,-0.151
-1.6,-0.119
-1.4,-0.087
-1.2,-0.055
-1,-0.025
-0.8,0.006
-0.6,0.035
-0.4,0.055
-0.2,0.074
0,0.087
0.2,0.098
0.4,0.108
0.6,0.117
0.8,0.123
1,0.127
1.2,0.131
1.4,0.134
1.6,0.136
1.8,0.138
2,0.141
2.2,0.145
2.4,0.148
2.6,0.151
2.8,0.155
3,0.158
3.2,0.162
3.4,0.165
3.6,0.169
3.8,0.172
4,0.175
3.8,0.143
3.6,0.111
3.4,0.08
3.2,0.049
3,0.017
2.8,-0.013
2.6,-0.036
2.4,-0.057
2.2,-0.073
2,-0.087
1.8,-0.099
1.6,-0.109
1.4,-0.115
1.2,-0.121
1,-0.129
0.8,-0.137
0.6,-0.145
0.4,-0.15
0.2,-0.155
0,-0.16
-0.2,-0.163
-0.4,-0.165
-0.6,-0.167
-0.8,-0.17
-1,-0.172
-1.2,-0.174
-1.4,-0.176
-1.6,-0.179
-1.8,-0.181
-2,-0.182
-1.8,-0.151
-1.6,-0.119
-1.4,-0.087
-1.2,-0.055
-1,-0.022
-0.8,0.009
-0.6,0.038
-0.4,0.057
-0.2,0.075
0,0.088
0.2,0.099
0.4,0.11
0.6,0.118
0.8,0.124
1,0.128
1.2,0.132
1.4,0.134
1.6,0.136
1.8,0.138
2,0.142
2.2,0.145
2.4,0.149
2.6,0.152
2.8,0.156
3,0.159
3.2,0.163
3.4,0.166
3.6,0.169
3.8,0.173
4,0.176
3.8,0.144
3.6,0.112
3.4,0.08
3.2,0.049
3,0.017
2.8,-0.014
2.6,-0.037
2.4,-0.057
2.2,-0.073
2,-0.087
1.8,-0.099
1.6,-0.108
1.4,-0.115
1.2,-0.12
1,-0.129
0.8,-0.137
0.6,-0.144
0.4,-0.15
0.2,-0.155
0,-0.16
-0.2,-0.163
-0.4,-0.165
-0.6,-0.167
-0.8,-0.17
-1,-0.172
-1.2,-0.174
-1.4,-0.176
-1.6,-0.179
-1.8,-0.18
-2,-0.182
-1.8,-0.151
-1.6,-0.119
-1.4,-0.087
-1.2,-0.055
-1,-0.021
-0.8,0.01
-0.6,0.039
-0.4,0.058
-0.2,0.076
0,0.089
0.2,0.1
0.4,0.11
0.6,0.119
0.8,0.124
1,0.128
1.2,0.132
1.4,0.134
1.6,0.136
1.8,0.139
2,0.142
2.2,0.146
2.4,0.149
2.6,0.153
2.8,0.156
3,0.159
3.2,0.163
3.4,0.166
3.6,0.17
3.8,0.173
4,0.176
4.2,0.179
4.4,0.183
4.6,0.188
4.8,0.194
5,0.199
5.2,0.205
5.4,0.21
5.6,0.216
5.8,0.226
6,0.236
6.2,0.247
6.4,0.257
6.6,0.267
6.8,0.278
7,0.288
7.2,0.298
7.4,0.307
7.6,0.317
7.8,0.326
8,0.334
7.8,0.288
7.6,0.242
7.4,0.196
7.2,0.15
7,0.105
6.8,0.061
6.6,0.029
6.4,0.004
6.2,-0.015
6,-0.031
5.8,-0.044
5.6,-0.055
5.4,-0.063
5.2,-0.071
5,-0.076
4.8,-0.082
4.6,-0.088
4.4,-0.094
4.2,-0.1
4,-0.106
3.8,-0.111
3.6,-0.117
3.4,-0.122
3.2,-0.124
3,-0.127
2.8,-0.131
2.6,-0.134
2.4,-0.137
2.2,-0.14
2,-0.143
1.8,-0.146
1.6,-0.149
1.4,-0.151
1.2,-0.153
1,-0.155
0.8,-0.157
0.6,-0.159
0.4,-0.161
0.2,-0.162
0,-0.164
-0.2,-0.166
-0.4,-0.168
-0.6,-0.169
-0.8,-0.171
-1,-0.173
-1.2,-0.175
-1.4,-0.177
-1.6,-0.178
-1.8,-0.18
-2,-0.182
-2.2,-0.185
-2.4,-0.187
-2.6,-0.189
-2.8,-0.191
-3,-0.193
-3.2,-0.195
-3.4,-0.198
-3.6,-0.2
-3.8,-0.203
-4,-0.205
-3.8,-0.169
-3.6,-0.135
-3.4,-0.103
-3.2,-0.071
-3,-0.043
-2.8,-0.016
-2.6,0.001
-2.4,0.03
-2.2,0.054
-2,0.071
-1.8,0.083
-1.6,0.093
-1.4,0.102
-1.2,0.108
-1,0.114
-0.8,0.117
-0.6,0.12
-0.4,0.121
-0.2,0.123
0,0.125
0.2,0.127
0.4,0.129
0.6,0.131
0.8,0.133
1,0.134
1.2,0.136
1.4,0.137
1.6,0.139
1.8,0.14
2,0.141
2.2,0.143
2.4,0.144
2.6,0.147
2.8,0.151
3,0.154
3.2,0.157
3.4,0.16
3.6,0.163
3.8,0.167
4,0.17
4.2,0.173
4.4,0.176
4.6,0.18
4.8,0.184
5,0.188
5.2,0.192
5.4,0.198
5.6,0.204
5.8,0.209
6,0.215
6.2,0.22
6.4,0.23
6.6,0.24
6.8,0.25
7,0.261
7.2,0.271
7.4,0.281
7.6,0.292
7.8,0.302
8,0.312
7.8,0.265
7.6,0.218
7.4,0.171
7.2,0.125
7,0.079
6.8,0.04
6.6,0.014
6.4,-0.008
6.2,-0.025
6,-0.04
5.8,-0.052
5.6,-0.062
5.4,-0.069
5.2,-0.075
5,-0.081
4.8,-0.087
4.6,-0.093
4.4,-0.099
4.2,-0.105
4,-0.11
3.8,-0.116
3.6,-0.12
3.4,-0.122
3.2,-0.124
3,-0.127
2.8,-0.13
2.6,-0.133
2.4,-0.136
2.2,-0.139
2,-0.142
1.8,-0.145
1.6,-0.148
1.4,-0.15
1.2,-0.153
1,-0.155
0.8,-0.156
0.6,-0.158
0.4,-0.16
0.2,-0.162
0,-0.163
-0.2,-0.165
-0.4,-0.167
-0.6,-0.169
-0.8,-0.17
-1,-0.172
-1.2,-0.174
-1.4,-0.176
-1.6,-0.178
-1.8,-0.18
-2,-0.182
-2.2,-0.184
-2.4,-0.186
-2.6,-0.189
-2.8,-0.191
-3,-0.193
-3.2,-0.195
-3.4,-0.198
-3.6,-0.2
-3.8,-0.203
-4,-0.205
-3.8,-0.169
-3.6,-0.135
-3.4,-0.103
-3.2,-0.071
-3,-0.043
-2.8,-0.016
-2.6,0.002
-2.4,0.031
-2.2,0.055
-2,0.071
-1.8,0.084
-1.6,0.094
-1.4,0.102
-1.2,0.109
-1,0.114
-0.8,0.118
-0.6,0.12
-0.4,0.122
-0.2,0.124
0,0.126
0.2,0.128
0.4,0.129
0.6,0.131
0.8,0.133
1,0.135
1.2,0.136
1.4,0.137
1.6,0.139
1.8,0.14
2,0.142
2.2,0.143
2.4,0.145
2.6,0.147
2.8,0.15
3,0.153
3.2,0.156
3.4,0.159
3.6,0.163
3.8,0.166
4,0.169
4.2,0.172
4.4,0.176
4.6,0.18
4.8,0.184
5,0.187
5.2,0.191
5.4,0.195
5.6,0.201
5.8,0.207
6,0.212
6.2,0.218
6.4,0.223
6.6,0.233
6.8,0.243
7,0.253
7.2,0.264
7.4,0.274
7.6,0.284
7.8,0.294
8,0.304
7.8,0.257
7.6,0.21
7.4,0.164
7.2,0.117
7,0.071
6.8,0.037
6.6,0.012
6.4,-0.011
6.2,-0.028
6,-0.043
5.8,-0.055
5.6,-0.064
5.4,-0.071
5.2,-0.078
5,-0.084
4.8,-0.09
4.6,-0.096
4.4,-0.101
4.2,-0.107
4,-0.113
3.8,-0.117
3.6,-0.119
3.4,-0.122
3.2,-0.124
3,-0.127
2.8,-0.13
2.6,-0.133
2.4,-0.136
2.2,-0.139
2,-0.142
1.8,-0.145
1.6,-0.148
1.4,-0.15
1.2,-0.153
1,-0.154
0.8,-0.156
0.6,-0.158
0.4,-0.16
0.2,-0.161
0,-0.163
-0.2,-0.165
-0.4,-0.167
-0.6,-0.168
-0.8,-0.17
-1,-0.172
-1.2,-0.174
-1.4,-0.176
-1.6,-0.178
-1.8,-0.18
-2,-0.182
-2.2,-0.184
-2.4,-0.186
-2.6,-0.188
-2.8,-0.19
-3,-0.193
-3.2,-0.195
-3.4,-0.197
-3.6,-0.2
-3.8,-0.202
-4,-0.205
-3.8,-0.169
-3.6,-0.135
-3.4,-0.103
-3.2,-0.071
-3,-0.043
-2.8,-0.015
-2.6,0.002
-2.4,0.031
-2.2,0.055
-2,0.071
-1.8,0.084
-1.6,0.094
-1.4,0.103
-1.2,0.109
-1,0.115
-0.8,0.118
-0.6,0.12
-0.4,0.122
-0.2,0.124
0,0.126
0.2,0.128
0.4,0.13
0.6,0.132
0.8,0.133
1,0.135
1.2,0.136
1.4,0.138
1.6,0.139
1.8,0.141
2,0.142
2.2,0.143
2.4,0.145
2.6,0.147
2.8,0.149
3,0.152
3.2,0.155
3.4,0.158
3.6,0.162
3.8,0.165
4,0.168
4.2,0.171
4.4,0.174
4.6,0.178
4.8,0.182
5,0.186
5.2,0.19
5.4,0.194
5.6,0.198
5.8,0.204
6,0.21
6.2,0.215
6.4,0.221
6.6,0.226
6.8,0.235
7,0.246
7.2,0.256
7.4,0.266
7.6,0.276
7.8,0.287
8,0.297
8.2,0.307
8.4,0.317
8.6,0.327
8.8,0.336
9,0.346
9.2,0.356
9.4,0.365
9.6,0.37
9.8,0.377
10,0.383
10.2,0.39
10.4,0.397
10.6,0.403
10.8,0.41
11,0.417
11.2,0.424
11.4,0.43
11.6,0.437
11.8,0.443
12,0.45
12.2,0.457
12.4,0.463
12.6,0.47
12.8,0.477
13,0.483
13.2,0.489
13.4,0.495
13.6,0.501
13.8,0.507
14,0.512
14.2,0.518
14.4,0.527
14.6,0.537
14.8,0.547
15,0.558
15.2,0.569
15.4,0.58
15.6,0.591
15.8,0.602
16,0.613
15.8,0.539
15.6,0.464
15.4,0.397
15.2,0.335
15,0.284
14.8,0.236
14.6,0.193
14.4,0.157
14.2,0.126
14,0.105
13.8,0.088
13.6,0.072
13.4,0.057
13.2,0.044
13,0.032
12.8,0.02
12.6,0.007
12.4,-0.005
12.2,-0.013
12,-0.02
11.8,-0.026
11.6,-0.033
11.4,-0.039
11.2,-0.045
11,-0.051
10.8,-0.056
10.6,-0.062
10.4,-0.068
10.2,-0.072
10,-0.076
9.8,-0.08
9.6,-0.084
9.4,-0.087
9.2,-0.09
9,-0.092
8.8,-0.093
8.6,-0.095
8.4,-0.096
8.2,-0.098
8,-0.1
7.8,-0.101
7.6,-0.103
7.4,-0.104
7.2,-0.106
7,-0.107
6.8,-0.108
6.6,-0.109
6.4,-0.11
6.2,-0.112
6,-0.113
5.8,-0.114
5.6,-0.116
5.4,-0.117
5.2,-0.118
5,-0.119
4.8,-0.121
4.6,-0.122
4.4,-0.123
4.2,-0.125
4,-0.126
3.8,-0.127
3.6,-0.128
3.4,-0.13
3.2,-0.131
3,-0.133
2.8,-0.134
2.6,-0.136
2.4,-0.138
2.2,-0.139
2,-0.141
1.8,-0.143
1.6,-0.146
1.4,-0.148
1.2,-0.149
1,-0.151
0.8,-0.153
0.6,-0.155
0.4,-0.157
0.2,-0.159
0,-0.161
-0.2,-0.163
-0.4,-0.165
-0.6,-0.167
-0.8,-0.169
-1,-0.171
-1.2,-0.174
-1.4,-0.177
-1.6,-0.18
-1.8,-0.182
-2,-0.185
-2.2,-0.188
-2.4,-0.191
-2.6,-0.193
-2.8,-0.197
-3,-0.201
-3.2,-0.206
-3.4,-0.211
-3.6,-0.216
-3.8,-0.22
-4,-0.23
-4.2,-0.242
-4.4,-0.259
-4.6,-0.276
-4.8,-0.293
-5,-0.31
-5.2,-0.327
-5.4,-0.347
-5.6,-0.366
-5.8,-0.384
-6,-0.402
-6.2,-0.425
-6.4,-0.453
-6.6,-0.481
-6.8,-0.508
-7,-0.535
-7.2,-0.561
-7.4,-0.587
-7.6,-0.607
-7.8,-0.624
-8,-0.642
-7.8,-0.549
-7.6,-0.457
-7.4,-0.375
-7.2,-0.297
-7,-0.228
-6.8,-0.174
-6.6,-0.129
-6.4,-0.093
-6.2,-0.062
-6,-0.035
-5.8,-0.013
-5.6,0.007
-5.4,0.025
-5.2,0.043
-5,0.058
-4.8,0.07
-4.6,0.082
-4.4,0.092
-4.2,0.098
-4,0.102
-3.8,0.104
-3.6,0.105
-3.4,0.107
-3.2,0.109
-3,0.11
-2.8,0.111
-2.6,0.112
-2.4,0.113
-2.2,0.114
-2,0.115
-1.8,0.117
-1.6,0.118
-1.4,0.119
-1.2,0.12
-1,0.121
-0.8,0.123
-0.6,0.124
-0.4,0.126
-0.2,0.127
0,0.129
0.2,0.131
0.4,0.132
0.6,0.134
0.8,0.135
1,0.136
1.2,0.137
1.4,0.139
1.6,0.14
1.8,0.141
2,0.142
2.2,0.144
2.4,0.145
2.6,0.146
2.8,0.148
3,0.149
3.2,0.15
3.4,0.152
3.6,0.153
3.8,0.155
4,0.156
4.2,0.158
4.4,0.16
4.6,0.162
4.8,0.164
5,0.166
5.2,0.168
5.4,0.17
5.6,0.172
5.8,0.174
6,0.176
6.2,0.178
6.4,0.18
6.6,0.181
6.8,0.183
7,0.186
7.2,0.189
7.4,0.192
7.6,0.194
7.8,0.198
8,0.202
8.2,0.206
8.4,0.21
8.6,0.214
8.8,0.218
9,0.222
9.2,0.226
9.4,0.23
9.6,0.234
9.8,0.238
10,0.242
10.2,0.246
10.4,0.25
10.6,0.254
10.8,0.258
11,0.264
11.2,0.273
11.4,0.281
11.6,0.29
11.8,0.299
12,0.308
12.2,0.319
12.4,0.329
12.6,0.339
12.8,0.349
13,0.359
13.2,0.37
13.4,0.384
13.6,0.398
13.8,0.412
14,0.427
14.2,0.441
14.4,0.455
14.6,0.468
14.8,0.484
15,0.501
15.2,0.52
15.4,0.54
15.6,0.559
15.8,0.579
16,0.59
15.8,0.515
15.6,0.441
15.4,0.375
15.2,0.322
15,0.271
14.8,0.223
14.6,0.181
14.4,0.146
14.2,0.117
14,0.097
13.8,0.081
13.6,0.065
13.4,0.051
13.2,0.039
13,0.027
12.8,0.014
12.6,0.002
12.4,-0.006
12.2,-0.013
12,-0.019
11.8,-0.025
11.6,-0.032
11.4,-0.037
11.2,-0.043
11,-0.049
10.8,-0.055
10.6,-0.061
10.4,-0.066
10.2,-0.07
10,-0.074
9.8,-0.078
9.6,-0.082
9.4,-0.086
9.2,-0.089
9,-0.09
8.8,-0.092
8.6,-0.093
8.4,-0.095
8.2,-0.097
8,-0.098
7.8,-0.1
7.6,-0.102
7.4,-0.103
7.2,-0.104
7,-0.106
6.8,-0.107
6.6,-0.109
6.4,-0.11
6.2,-0.111
6,-0.112
5.8,-0.113
5.6,-0.115
5.4,-0.116
5.2,-0.117
5,-0.118
4.8,-0.12
4.6,-0.121
4.4,-0.122
4.2,-0.124
4,-0.125
3.8,-0.126
3.6,-0.128
3.4,-0.129
3.2,-0.13
3,-0.131
2.8,-0.133
2.6,-0.134
2.4,-0.136
2.2,-0.137
2,-0.139
1.8,-0.141
1.6,-0.142
1.4,-0.144
1.2,-0.146
1,-0.149
0.8,-0.151
0.6,-0.153
0.4,-0.155
0.2,-0.157
0,-0.159
-0.2,-0.161
-0.4,-0.163
-0.6,-0.165
-0.8,-0.167
-1,-0.169
-1.2,-0.171
-1.4,-0.173
-1.6,-0.175
-1.8,-0.178
-2,-0.181
-2.2,-0.184
-2.4,-0.186
-2.6,-0.189
-2.8,-0.192
-3,-0.195
-3.2,-0.197
-3.4,-0.201
-3.6,-0.205
-3.8,-0.21
-4,-0.215
-4.2,-0.22
-4.4,-0.224
-4.6,-0.234
-4.8,-0.251
-5,-0.268
-5.2,-0.285
-5.4,-0.302
-5.6,-0.319
-5.8,-0.34
-6,-0.36
-6.2,-0.38
-6.4,-0.403
-6.6,-0.432
-6.8,-0.461
-7,-0.49
-7.2,-0.518
-7.4,-0.545
-7.6,-0.58
-7.8,-0.614
-8,-0.635
-7.8,-0.543
-7.6,-0.45
-7.4,-0.37
-7.2,-0.291
-7,-0.229
-6.8,-0.176
-6.6,-0.133
-6.4,-0.096
-6.2,-0.065
-6,-0.038
-5.8,-0.017
-5.6,0.004
-5.4,0.022
-5.2,0.039
-5,0.056
-4.8,0.068
-4.6,0.08
-4.4,0.09
-4.2,0.096
-4,0.1
-3.8,0.102
-3.6,0.104
-3.4,0.106
-3.2,0.108
-3,0.109
-2.8,0.111
-2.6,0.112
-2.4,0.113
-2.2,0.114
-2,0.115
-1.8,0.116
-1.6,0.117
-1.4,0.119
-1.2,0.12
-1,0.121
-0.8,0.123
-0.6,0.124
-0.4,0.125
-0.2,0.127
0,0.129
0.2,0.13
0.4,0.132
0.6,0.133
0.8,0.135
1,0.136
1.2,0.137
1.4,0.139
1.6,0.14
1.8,0.141
2,0.142
2.2,0.144
2.4,0.145
2.6,0.146
2.8,0.147
3,0.149
3.2,0.15
3.4,0.151
3.6,0.153
3.8,0.154
4,0.156
4.2,0.157
4.4,0.159
4.6,0.161
4.8,0.163
5,0.165
5.2,0.167
5.4,0.169
5.6,0.171
5.8,0.173
6,0.175
6.2,0.177
6.4,0.179
6.6,0.181
6.8,0.183
7,0.185
7.2,0.187
7.4,0.189
7.6,0.192
7.8,0.194
8,0.198
8.2,0.202
8.4,0.206
8.6,0.21
8.8,0.214
9,0.218
9.2,0.222
9.4,0.226
9.6,0.23
9.8,0.234
10,0.238
10.2,0.242
10.4,0.246
10.6,0.25
10.8,0.254
11,0.258
11.2,0.262
11.4,0.266
11.6,0.27
11.8,0.276
12,0.284
12.2,0.293
12.4,0.302
12.6,0.311
12.8,0.32
13,0.33
13.2,0.34
13.4,0.35
13.6,0.36
13.8,0.375
14,0.389
14.2,0.403
14.4,0.417
14.6,0.431
14.8,0.445
15,0.459
15.2,0.48
15.4,0.5
15.6,0.519
15.8,0.539
16,0.558
15.8,0.483
15.6,0.409
15.4,0.352
15.2,0.299
15,0.247
14.8,0.198
14.6,0.156
14.4,0.121
14.2,0.097
14,0.077
13.8,0.061
13.6,0.045
13.4,0.032
13.2,0.019
13,0.008
12.8,0.001
12.6,-0.006
12.4,-0.012
12.2,-0.018
12,-0.025
11.8,-0.031
11.6,-0.037
11.4,-0.043
11.2,-0.049
11,-0.055
10.8,-0.059
10.6,-0.064
10.4,-0.068
10.2,-0.072
10,-0.076
9.8,-0.08
9.6,-0.084
9.4,-0.086
9.2,-0.088
9,-0.09
8.8,-0.091
8.6,-0.093
8.4,-0.095
8.2,-0.096
8,-0.098
7.8,-0.099
7.6,-0.101
7.4,-0.103
7.2,-0.104
7,-0.106
6.8,-0.107
6.6,-0.108
6.4,-0.11
6.2,-0.111
6,-0.112
5.8,-0.113
5.6,-0.115
5.4,-0.116
5.2,-0.117
5,-0.119
4.8,-0.12
4.6,-0.121
4.4,-0.122
4.2,-0.124
4,-0.125
3.8,-0.126
3.6,-0.128
3.4,-0.129
3.2,-0.13
3,-0.131
2.8,-0.133
2.6,-0.134
2.4,-0.135
2.2,-0.137
2,-0.139
1.8,-0.14
1.6,-0.142
1.4,-0.144
1.2,-0.146
1,-0.148
0.8,-0.15
0.6,-0.153
0.4,-0.155
0.2,-0.157
0,-0.159
-0.2,-0.161
-0.4,-0.163
-0.6,-0.165
-0.8,-0.167
-1,-0.169
-1.2,-0.171
-1.4,-0.173
-1.6,-0.175
-1.8,-0.177
-2,-0.18
-2.2,-0.183
-2.4,-0.186
-2.6,-0.188
-2.8,-0.191
-3,-0.194
-3.2,-0.197
-3.4,-0.199
-3.6,-0.203
-3.8,-0.208
-4,-0.213
-4.2,-0.217
-4.4,-0.222
-4.6,-0.227
-4.8,-0.242
-5,-0.259
-5.2,-0.276
-5.4,-0.293
-5.6,-0.31
-5.8,-0.327
-6,-0.347
-6.2,-0.367
-6.4,-0.387
-6.6,-0.413
-6.8,-0.443
-7,-0.473
-7.2,-0.502
-7.4,-0.531
-7.6,-0.567
-7.8,-0.602
-8,-0.634
-7.8,-0.541
-7.6,-0.449
-7.4,-0.367
-7.2,-0.289
-7,-0.229
-6.8,-0.177
-6.6,-0.135
-6.4,-0.098
-6.2,-0.067
-6,-0.042
-5.8,-0.021
-5.6,0
-5.4,0.018
-5.2,0.036
-5,0.054
-4.8,0.068
-4.6,0.08
-4.4,0.09
-4.2,0.096
-4,0.1
-3.8,0.102
-3.6,0.104
-3.4,0.106
-3.2,0.107
-3,0.109
-2.8,0.111
-2.6,0.112
-2.4,0.113
-2.2,0.114
-2,0.115
-1.8,0.116
-1.6,0.117
-1.4,0.119
-1.2,0.12
-1,0.121
-0.8,0.122
-0.6,0.124
-0.4,0.125
-0.2,0.127
0,0.128
0.2,0.13
0.4,0.131
0.6,0.133
0.8,0.135
1,0.136
1.2,0.137
1.4,0.138
1.6,0.14
1.8,0.141
2,0.142
2.2,0.143
2.4,0.145
2.6,0.146
2.8,0.147
3,0.148
3.2,0.15
3.4,0.151
3.6,0.152
3.8,0.154
4,0.155
4.2,0.157
4.4,0.159
4.6,0.161
4.8,0.163
5,0.165
5.2,0.167
5.4,0.169
5.6,0.171
5.8,0.173
6,0.175
6.2,0.177
6.4,0.179
6.6,0.181
6.8,0.183
7,0.185
7.2,0.187
7.4,0.189
7.6,0.191
7.8,0.192
8,0.194
8.2,0.198
8.4,0.202
8.6,0.206
8.8,0.21
9,0.214
9.2,0.218
9.4,0.222
9.6,0.226
9.8,0.23
10,0.234
10.2,0.238
10.4,0.242
10.6,0.246
10.8,0.25
11,0.254
11.2,0.258
11.4,0.262
11.6,0.266
11.8,0.27
12,0.274
12.2,0.277
12.4,0.283
12.6,0.292
12.8,0.301
13,0.309
13.2,0.318
13.4,0.327
13.6,0.337
13.8,0.347
14,0.357
14.2,0.371
14.4,0.386
14.6,0.4
14.8,0.414
15,0.428
15.2,0.444
15.4,0.463
15.6,0.483
15.8,0.503
16,0.526
16.2,0.548
16.4,0.57
16.6,0.592
16.8,0.611
17,0.624
17.2,0.636
17.4,0.648
17.6,0.66
17.8,0.672
18,0.685
18.2,0.697
18.4,0.709
18.6,0.721
18.8,0.737
19,0.752
19.2,0.767
19.4,0.783
19.6,0.798
19.8,0.813
20,0.829
20.2,0.844
20.4,0.871
20.6,0.898
20.8,0.925
21,0.951
21.2,0.972
21.4,0.991
21.6,1.01
21.8,1.029
22,1.052
22.2,1.079
22.4,1.106
22.6,1.132
22.8,1.159
23,1.187
23.2,1.221
23.4,1.267
23.6,1.314
23.8,1.357
24,1.381
24.2,1.388
24.4,1.395
24.6,1.399
24.8,1.403
25,1.408
25.2,1.413
25.4,1.419
25.6,1.424
25.8,1.428
26,1.429
26.2,1.428
26.4,1.428
26.6,1.428
26.8,1.428
27,1.425
27.2,1.414
27.4,1.404
27.6,1.397
27.8,1.389
28,1.382
28.2,1.376
28.4,1.369
28.6,1.363
28.8,1.356
29,1.349
29.2,1.342
29.4,1.334
29.6,1.325
29.8,1.317
30,1.31
30.2,1.302
30.4,1.294
30.6,1.287
30.8,1.28
31,1.273
31.2,1.266
31.4,1.259
31.6,1.252
31.8,1.245
32,1.239
31.8,1.106
31.6,0.991
31.4,0.884
31.2,0.781
31,0.689
30.8,0.61
30.6,0.548
30.4,0.494
30.2,0.448
30,0.41
29.8,0.376
29.6,0.343
29.4,0.318
29.2,0.295
29,0.271
28.8,0.247
28.6,0.226
28.4,0.205
28.2,0.187
28,0.171
27.8,0.156
27.6,0.14
27.4,0.124
27.2,0.113
27,0.103
26.8,0.094
26.6,0.084
26.4,0.075
26.2,0.065
26,0.056
25.8,0.047
25.6,0.038
25.4,0.03
25.2,0.027
25,0.023
24.8,0.019
24.6,0.016
24.4,0.012
24.2,0.008
24,0.005
23.8,0.001
23.6,-0.002
23.4,-0.005
23.2,-0.007
23,-0.009
22.8,-0.011
22.6,-0.013
22.4,-0.015
22.2,-0.017
22,-0.019
21.8,-0.02
21.6,-0.022
21.4,-0.023
21.2,-0.025
21,-0.026
20.8,-0.028
20.6,-0.029
20.4,-0.031
20.2,-0.032
20,-0.034
19.8,-0.035
19.6,-0.037
19.4,-0.038
19.2,-0.039
19,-0.04
18.8,-0.041
18.6,-0.042
18.4,-0.043
18.2,-0.044
18,-0.046
17.8,-0.047
17.6,-0.048
17.4,-0.049
17.2,-0.05
17,-0.052
16.8,-0.053
16.6,-0.055
16.4,-0.056
16.2,-0.058
16,-0.059
15.8,-0.061
15.6,-0.062
15.4,-0.064
15.2,-0.065
15,-0.067
14.8,-0.068
14.6,-0.07
14.4,-0.071
14.2,-0.073
14,-0.075
13.8,-0.076
13.6,-0.077
13.4,-0.079
13.2,-0.08
13,-0.081
12.8,-0.082
12.6,-0.083
12.4,-0.084
12.2,-0.085
12,-0.086
11.8,-0.088
11.6,-0.089
11.4,-0.09
11.2,-0.091
11,-0.092
10.8,-0.093
10.6,-0.095
10.4,-0.096
10.2,-0.097
10,-0.098
9.8,-0.099
9.6,-0.101
9.4,-0.102
9.2,-0.103
9,-0.105
8.8,-0.106
8.6,-0.107
8.4,-0.108
8.2,-0.109
8,-0.11
7.8,-0.111
7.6,-0.112
7.4,-0.113
7.2,-0.115
7,-0.116
6.8,-0.117
6.6,-0.118
6.4,-0.119
6.2,-0.121
6,-0.123
5.8,-0.125
5.6,-0.127
5.4,-0.129
5.2,-0.131
5,-0.133
4.8,-0.135
4.6,-0.137
4.4,-0.139
4.2,-0.142
4,-0.147
3.8,-0.153
3.6,-0.158
3.4,-0.164
3.2,-0.173
3,-0.182
2.8,-0.193
2.6,-0.203
2.4,-0.214
2.2,-0.224
2,-0.235
1.8,-0.245
1.6,-0.253
1.4,-0.26
1.2,-0.266
1,-0.271
0.8,-0.279
0.6,-0.286
0.4,-0.293
0.2,-0.3
0,-0.306
-0.2,-0.313
-0.4,-0.319
-0.6,-0.326
-0.8,-0.332
-1,-0.339
-1.2,-0.345
-1.4,-0.352
-1.6,-0.358
-1.8,-0.365
-2,-0.372
-2.2,-0.378
-2.4,-0.385
-2.6,-0.391
-2.8,-0.398
-3,-0.404
-3.2,-0.411
-3.4,-0.418
-3.6,-0.425
-3.8,-0.433
-4,-0.44
-4.2,-0.447
-4.4,-0.459
-4.6,-0.471
-4.8,-0.483
-5,-0.495
-5.2,-0.507
-5.4,-0.521
-5.6,-0.534
-5.8,-0.547
-6,-0.561
-6.2,-0.574
-6.4,-0.586
-6.6,-0.598
-6.8,-0.611
-7,-0.627
-7.2,-0.644
-7.4,-0.661
-7.6,-0.677
-7.8,-0.694
-8,-0.71
-8.2,-0.727
-8.4,-0.743
-8.6,-0.76
-8.8,-0.784
-9,-0.807
-9.2,-0.832
-9.4,-0.867
-9.6,-0.903
-9.8,-0.937
-10,-0.971
-10.2,-1.003
-10.4,-1.034
-10.6,-1.086
-10.8,-1.138
-11,-1.199
-11.2,-1.261
-11.4,-1.322
-11.6,-1.384
-11.8,-1.445
-12,-1.506
-12.2,-1.567
-12.4,-1.628
-12.6,-1.689
-12.8,-1.75
-13,-1.811
-13.2,-1.872
-13.4,-1.931
-13.6,-1.99
-13.8,-2.041
-14,-2.085
-14.2,-2.116
-14.4,-2.134
-14.6,-2.138
-14.8,-2.142
-15,-2.146
-15.2,-2.149
-15.4,-2.152
-15.6,-2.155
-15.8,-2.156
-16,-2.157
-15.8,-1.964
-15.6,-1.773
-15.4,-1.581
-15.2,-1.392
-15,-1.208
-14.8,-1.034
-14.6,-0.874
-14.4,-0.72
-14.2,-0.591
-14,-0.469
-13.8,-0.373
-13.6,-0.293
-13.4,-0.213
-13.2,-0.144
-13,-0.101
-12.8,-0.064
-12.6,-0.036
-12.4,-0.015
-12.2,0.003
-12,0.013
-11.8,0.02
-11.6,0.025
-11.4,0.029
-11.2,0.033
-11,0.035
-10.8,0.037
-10.6,0.039
-10.4,0.041
-10.2,0.042
-10,0.044
-9.8,0.046
-9.6,0.048
-9.4,0.049
-9.2,0.051
-9,0.053
-8.8,0.054
-8.6,0.056
-8.4,0.058
-8.2,0.059
-8,0.061
-7.8,0.062
-7.6,0.064
-7.4,0.066
-7.2,0.067
-7,0.069
-6.8,0.071
-6.6,0.072
-6.4,0.074
-6.2,0.075
-6,0.077
-5.8,0.079
-5.6,0.08
-5.4,0.082
-5.2,0.084
-5,0.085
-4.8,0.086
-4.6,0.088
-4.4,0.089
-4.2,0.09
-4,0.092
-3.8,0.093
-3.6,0.094
-3.4,0.095
-3.2,0.097
-3,0.098
-2.8,0.099
-2.6,0.101
-2.4,0.102
-2.2,0.103
-2,0.104
-1.8,0.106
-1.6,0.107
-1.4,0.108
-1.2,0.11
-1,0.111
-0.8,0.112
-0.6,0.113
-0.4,0.115
-0.2,0.116
0,0.117
0.2,0.117
0.4,0.118
0.6,0.119
0.8,0.121
1,0.122
1.2,0.123
1.4,0.124
1.6,0.125
1.8,0.126
2,0.127
2.2,0.128
2.4,0.13
2.6,0.131
2.8,0.132
3,0.133
3.2,0.134
3.4,0.135
3.6,0.137
3.8,0.138
4,0.139
4.2,0.14
4.4,0.142
4.6,0.143
4.8,0.144
5,0.145
5.2,0.147
5.4,0.148
5.6,0.149
5.8,0.15
6,0.151
6.2,0.153
6.4,0.154
6.6,0.156
6.8,0.157
7,0.16
7.2,0.162
7.4,0.165
7.6,0.167
7.8,0.17
8,0.172
8.2,0.175
8.4,0.177
8.6,0.18
8.8,0.182
9,0.185
9.2,0.188
9.4,0.192
9.6,0.195
9.8,0.198
10,0.203
10.2,0.208
10.4,0.213
10.6,0.218
10.8,0.223
11,0.229
11.2,0.235
11.4,0.241
11.6,0.247
11.8,0.253
12,0.259
12.2,0.265
12.4,0.271
12.6,0.277
12.8,0.283
13,0.289
13.2,0.294
13.4,0.3
13.6,0.306
13.8,0.312
14,0.317
14.2,0.326
14.4,0.334
14.6,0.34
14.8,0.347
15,0.353
15.2,0.359
15.4,0.364
15.6,0.37
15.8,0.375
16,0.381
16.2,0.386
16.4,0.392
16.6,0.397
16.8,0.403
17,0.408
17.2,0.414
17.4,0.419
17.6,0.424
17.8,0.43
18,0.435
18.2,0.444
18.4,0.453
18.6,0.46
18.8,0.468
19,0.475
19.2,0.482
19.4,0.489
19.6,0.496
19.8,0.503
20,0.51
20.2,0.516
20.4,0.523
20.6,0.53
20.8,0.537
21,0.544
21.2,0.551
21.4,0.558
21.6,0.565
21.8,0.572
22,0.579
22.2,0.586
22.4,0.594
22.6,0.603
22.8,0.611
23,0.62
23.2,0.629
23.4,0.637
23.6,0.646
23.8,0.654
24,0.663
24.2,0.672
24.4,0.68
24.6,0.689
24.8,0.697
25,0.706
25.2,0.715
25.4,0.723
25.6,0.734
25.8,0.746
26,0.758
26.2,0.772
26.4,0.786
26.6,0.8
26.8,0.814
27,0.828
27.2,0.842
27.4,0.856
27.6,0.871
27.8,0.887
28,0.902
28.2,0.918
28.4,0.934
28.6,0.949
28.8,0.964
29,0.98
29.2,0.994
29.4,1.011
29.6,1.026
29.8,1.04
30,1.042
30.2,1.041
30.4,1.044
30.6,1.04
30.8,1.036
31,1.033
31.2,1.028
31.4,1.025
31.6,1.021
31.8,1.017
32,1.014
31.8,0.887
31.6,0.773
31.4,0.68
31.2,0.606
31,0.534
30.8,0.466
30.6,0.409
30.4,0.367
30.2,0.329
30,0.294
29.8,0.271
29.6,0.254
29.4,0.238
29.2,0.222
29,0.205
28.8,0.19
28.6,0.174
28.4,0.158
28.2,0.144
28,0.134
27.8,0.124
27.6,0.114
27.4,0.104
27.2,0.095
27,0.088
26.8,0.081
26.6,0.073
26.4,0.066
26.2,0.059
26,0.052
25.8,0.045
25.6,0.038
25.4,0.031
25.2,0.024
25,0.021
24.8,0.017
24.6,0.013
24.4,0.01
24.2,0.006
24,0.002
23.8,-0.002
23.6,-0.005
23.4,-0.009
23.2,-0.012
23,-0.015
22.8,-0.018
22.6,-0.021
22.4,-0.023
22.2,-0.026
22,-0.028
21.8,-0.03
21.6,-0.032
21.4,-0.033
21.2,-0.035
21,-0.037
20.8,-0.039
20.6,-0.04
20.4,-0.042
20.2,-0.044
20,-0.046
19.8,-0.047
19.6,-0.049
19.4,-0.051
19.2,-0.053
19,-0.054
18.8,-0.056
18.6,-0.058
18.4,-0.059
18.2,-0.061
18,-0.063
17.8,-0.064
17.6,-0.065
17.4,-0.066
17.2,-0.068
17,-0.069
16.8,-0.07
16.6,-0.071
16.4,-0.072
16.2,-0.073
16,-0.074
15.8,-0.076
15.6,-0.077
15.4,-0.078
15.2,-0.079
15,-0.08
14.8,-0.081
14.6,-0.082
14.4,-0.083
14.2,-0.084
14,-0.085
13.8,-0.086
13.6,-0.086
13.4,-0.087
13.2,-0.089
13,-0.09
12.8,-0.091
12.6,-0.092
12.4,-0.094
12.2,-0.095
12,-0.096
11.8,-0.097
11.6,-0.098
11.4,-0.099
11.2,-0.1
11,-0.101
10.8,-0.102
10.6,-0.103
10.4,-0.104
10.2,-0.105
10,-0.106
9.8,-0.107
9.6,-0.108
9.4,-0.109
9.2,-0.11
9,-0.111
8.8,-0.112
8.6,-0.113
8.4,-0.115
8.2,-0.116
8,-0.117
7.8,-0.118
7.6,-0.119
7.4,-0.121
7.2,-0.122
7,-0.123
6.8,-0.124
6.6,-0.125
6.4,-0.126
6.2,-0.127
6,-0.129
5.8,-0.13
5.6,-0.131
5.4,-0.132
5.2,-0.133
5,-0.134
4.8,-0.135
4.6,-0.136
4.4,-0.138
4.2,-0.139
4,-0.14
3.8,-0.141
3.6,-0.143
3.4,-0.144
3.2,-0.146
3,-0.148
2.8,-0.149
2.6,-0.151
2.4,-0.153
2.2,-0.154
2,-0.156
1.8,-0.158
1.6,-0.16
1.4,-0.161
1.2,-0.163
1,-0.165
0.8,-0.168
0.6,-0.171
0.4,-0.173
0.2,-0.176
0,-0.178
-0.2,-0.181
-0.4,-0.183
-0.6,-0.186
-0.8,-0.189
-1,-0.191
-1.2,-0.194
-1.4,-0.196
-1.6,-0.2
-1.8,-0.204
-2,-0.211
-2.2,-0.222
-2.4,-0.234
-2.6,-0.245
-2.8,-0.257
-3,-0.268
-3.2,-0.28
-3.4,-0.291
-3.6,-0.302
-3.8,-0.313
-4,-0.324
-4.2,-0.334
-4.4,-0.349
-4.6,-0.363
-4.8,-0.375
-5,-0.385
-5.2,-0.394
-5.4,-0.403
-5.6,-0.411
-5.8,-0.419
-6,-0.427
-6.2,-0.433
-6.4,-0.44
-6.6,-0.449
-6.8,-0.461
-7,-0.472
-7.2,-0.485
-7.4,-0.498
-7.6,-0.511
-7.8,-0.525
-8,-0.538
-8.2,-0.551
-8.4,-0.566
-8.6,-0.579
-8.8,-0.592
-9,-0.605
-9.2,-0.618
-9.4,-0.631
-9.6,-0.644
-9.8,-0.657
-10,-0.67
-10.2,-0.683
-10.4,-0.695
-10.6,-0.709
-10.8,-0.725
-11,-0.741
-11.2,-0.758
-11.4,-0.781
-11.6,-0.805
-11.8,-0.828
-12,-0.852
-12.2,-0.875
-12.4,-0.91
-12.6,-0.945
-12.8,-0.98
-13,-1.015
-13.2,-1.051
-13.4,-1.086
-13.6,-1.128
-13.8,-1.187
-14,-1.245
-14.2,-1.303
-14.4,-1.361
-14.6,-1.428
-14.8,-1.495
-15,-1.562
-15.2,-1.627
-15.4,-1.691
-15.6,-1.755
-15.8,-1.816
-16,-1.876
-15.8,-1.682
-15.6,-1.488
-15.4,-1.296
-15.2,-1.107
-15,-0.923
-14.8,-0.76
-14.6,-0.614
-14.4,-0.501
-14.2,-0.415
-14,-0.334
-13.8,-0.264
-13.6,-0.218
-13.4,-0.175
-13.2,-0.133
-13,-0.097
-12.8,-0.066
-12.6,-0.035
-12.4,-0.011
-12.2,0.009
-12,0.023
-11.8,0.027
-11.6,0.031
-11.4,0.033
-11.2,0.035
-11,0.036
-10.8,0.038
-10.6,0.039
-10.4,0.04
-10.2,0.042
-10,0.043
-9.8,0.045
-9.6,0.046
-9.4,0.048
-9.2,0.05
-9,0.052
-8.8,0.053
-8.6,0.055
-8.4,0.057
-8.2,0.059
-8,0.061
-7.8,0.062
-7.6,0.064
-7.4,0.066
-7.2,0.068
-7,0.069
-6.8,0.071
-6.6,0.073
-6.4,0.075
-6.2,0.077
-6,0.078
-5.8,0.08
-5.6,0.082
-5.4,0.083
-5.2,0.085
-5,0.086
-4.8,0.088
-4.6,0.09
-4.4,0.091
-4.2,0.093
-4,0.094
-3.8,0.095
-3.6,0.097
-3.4,0.098
-3.2,0.099
-3,0.1
-2.8,0.102
-2.6,0.103
-2.4,0.104
-2.2,0.105
-2,0.107
-1.8,0.108
-1.6,0.109
-1.4,0.11
-1.2,0.111
-1,0.112
-0.8,0.113
-0.6,0.114
-0.4,0.115
-0.2,0.116
0,0.117
0.2,0.118
0.4,0.119
0.6,0.12
0.8,0.121
1,0.122
1.2,0.123
1.4,0.124
1.6,0.125
1.8,0.127
2,0.128
2.2,0.129
2.4,0.13
2.6,0.131
2.8,0.132
3,0.133
3.2,0.134
3.4,0.135
3.6,0.137
3.8,0.138
4,0.139
4.2,0.14
4.4,0.141
4.6,0.142
4.8,0.143
5,0.144
5.2,0.146
5.4,0.147
5.6,0.148
5.8,0.149
6,0.15
6.2,0.151
6.4,0.152
6.6,0.153
6.8,0.155
7,0.156
7.2,0.158
7.4,0.159
7.6,0.161
7.8,0.163
8,0.164
8.2,0.166
8.4,0.168
8.6,0.169
8.8,0.171
9,0.173
9.2,0.174
9.4,0.176
9.6,0.178
9.8,0.18
10,0.181
10.2,0.183
10.4,0.185
10.6,0.187
10.8,0.188
11,0.19
11.2,0.192
11.4,0.194
11.6,0.196
11.8,0.198
12,0.201
12.2,0.203
12.4,0.205
12.6,0.208
12.8,0.21
13,0.213
13.2,0.215
13.4,0.218
13.6,0.22
13.8,0.222
14,0.225
14.2,0.227
14.4,0.23
14.6,0.234
14.8,0.237
15,0.24
15.2,0.245
15.4,0.25
15.6,0.255
15.8,0.26
16,0.265
16.2,0.271
16.4,0.277
16.6,0.283
16.8,0.289
17,0.294
17.2,0.3
17.4,0.306
17.6,0.312
17.8,0.318
18,0.323
18.2,0.329
18.4,0.335
18.6,0.34
18.8,0.346
19,0.351
19.2,0.357
19.4,0.362
19.6,0.368
19.8,0.373
20,0.379
20.2,0.387
20.4,0.396
20.6,0.404
20.8,0.412
21,0.419
21.2,0.428
21.4,0.437
21.6,0.446
21.8,0.454
22,0.462
22.2,0.469
22.4,0.477
22.6,0.485
22.8,0.492
23,0.499
23.2,0.506
23.4,0.512
23.6,0.519
23.8,0.526
24,0.533
24.2,0.54
24.4,0.547
24.6,0.553
24.8,0.56
25,0.567
25.2,0.574
25.4,0.581
25.6,0.587
25.8,0.594
26,0.601
26.2,0.608
26.4,0.615
26.6,0.622
26.8,0.63
27,0.639
27.2,0.647
27.4,0.656
27.6,0.664
27.8,0.673
28,0.685
28.2,0.697
28.4,0.71
28.6,0.722
28.8,0.734
29,0.746
29.2,0.759
29.4,0.771
29.6,0.785
29.8,0.799
30,0.812
30.2,0.826
30.4,0.842
30.6,0.858
30.8,0.873
31,0.889
31.2,0.903
31.4,0.921
31.6,0.931
31.8,0.939
32,0.942
31.8,0.818
31.6,0.72
31.4,0.633
31.2,0.554
31,0.476
30.8,0.413
30.6,0.364
30.4,0.329
30.2,0.297
30,0.27
29.8,0.249
29.6,0.233
29.4,0.217
29.2,0.2
29,0.184
28.8,0.168
28.6,0.153
28.4,0.141
28.2,0.131
28,0.123
27.8,0.116
27.6,0.109
27.4,0.102
27.2,0.095
27,0.088
26.8,0.081
26.6,0.074
26.4,0.066
26.2,0.059
26,0.052
25.8,0.045
25.6,0.038
25.4,0.031
25.2,0.025
25,0.021
24.8,0.017
24.6,0.014
24.4,0.01
24.2,0.006
24,0.002
23.8,-0.001
23.6,-0.005
23.4,-0.009
23.2,-0.012
23,-0.016
22.8,-0.019
22.6,-0.021
22.4,-0.023
22.2,-0.025
22,-0.027
21.8,-0.029
21.6,-0.032
21.4,-0.034
21.2,-0.036
21,-0.038
20.8,-0.039
20.6,-0.041
20.4,-0.043
20.2,-0.045
20,-0.046
19.8,-0.048
19.6,-0.05
19.4,-0.052
19.2,-0.053
19,-0.055
18.8,-0.057
18.6,-0.059
18.4,-0.06
18.2,-0.062
18,-0.064
17.8,-0.066
17.6,-0.067
17.4,-0.069
17.2,-0.071
17,-0.072
16.8,-0.074
16.6,-0.076
16.4,-0.077
16.2,-0.078
16,-0.079
15.8,-0.08
15.6,-0.082
15.4,-0.083
15.2,-0.084
15,-0.085
14.8,-0.086
14.6,-0.087
14.4,-0.087
14.2,-0.088
14,-0.089
13.8,-0.09
13.6,-0.091
13.4,-0.092
13.2,-0.093
13,-0.094
12.8,-0.094
12.6,-0.095
12.4,-0.096
12.2,-0.096
12,-0.097
11.8,-0.098
11.6,-0.098
11.4,-0.099
11.2,-0.1
11,-0.101
10.8,-0.101
10.6,-0.102
10.4,-0.104
10.2,-0.105
10,-0.106
9.8,-0.107
9.6,-0.108
9.4,-0.109
9.2,-0.11
9,-0.111
8.8,-0.112
8.6,-0.113
8.4,-0.115
8.2,-0.116
8,-0.117
7.8,-0.118
7.6,-0.119
7.4,-0.121
7.2,-0.122
7,-0.123
6.8,-0.124
6.6,-0.125
6.4,-0.127
6.2,-0.128
6,-0.129
5.8,-0.13
5.6,-0.131
5.4,-0.133
5.2,-0.134
5,-0.135
4.8,-0.136
4.6,-0.137
4.4,-0.139
4.2,-0.14
4,-0.141
3.8,-0.142
3.6,-0.144
3.4,-0.146
3.2,-0.147
3,-0.149
2.8,-0.15
2.6,-0.152
2.4,-0.153
2.2,-0.155
2,-0.156
1.8,-0.157
1.6,-0.159
1.4,-0.161
1.2,-0.162
1,-0.164
0.8,-0.166
0.6,-0.167
0.4,-0.169
0.2,-0.171
0,-0.172
-0.2,-0.174
-0.4,-0.176
-0.6,-0.178
-0.8,-0.179
-1,-0.181
-1.2,-0.183
-1.4,-0.184
-1.6,-0.186
-1.8,-0.189
-2,-0.191
-2.2,-0.194
-2.4,-0.196
-2.6,-0.199
-2.8,-0.201
-3,-0.204
-3.2,-0.207
-3.4,-0.209
-3.6,-0.212
-3.8,-0.214
-4,-0.217
-4.2,-0.219
-4.4,-0.222
-4.6,-0.227
-4.8,-0.231
-5,-0.236
-5.2,-0.246
-5.4,-0.257
-5.6,-0.269
-5.8,-0.281
-6,-0.292
-6.2,-0.304
-6.4,-0.315
-6.6,-0.332
-6.8,-0.348
-7,-0.365
-7.2,-0.381
-7.4,-0.397
-7.6,-0.413
-7.8,-0.428
-8,-0.442
-8.2,-0.46
-8.4,-0.479
-8.6,-0.494
-8.8,-0.51
-9,-0.525
-9.2,-0.538
-9.4,-0.554
-9.6,-0.57
-9.8,-0.585
-10,-0.6
-10.2,-0.616
-10.4,-0.631
-10.6,-0.646
-10.8,-0.662
-11,-0.677
-11.2,-0.694
-11.4,-0.714
-11.6,-0.733
-11.8,-0.75
-12,-0.766
-12.2,-0.783
-12.4,-0.8
-12.6,-0.829
-12.8,-0.857
-13,-0.884
-13.2,-0.919
-13.4,-0.954
-13.6,-0.989
-13.8,-1.024
-14,-1.058
-14.2,-1.101
-14.4,-1.159
-14.6,-1.216
-14.8,-1.274
-15,-1.332
-15.2,-1.399
-15.4,-1.465
-15.6,-1.531
-15.8,-1.596
-16,-1.661
-15.8,-1.466
-15.6,-1.271
-15.4,-1.077
-15.2,-0.895
-15,-0.724
-14.8,-0.585
-14.6,-0.482
-14.4,-0.388
-14.2,-0.321
-14,-0.278
-13.8,-0.236
-13.6,-0.193
-13.4,-0.156
-13.2,-0.124
-13,-0.092
-12.8,-0.061
-12.6,-0.034
-12.4,-0.01
-12.2,0.01
-12,0.026
-11.8,0.032
-11.6,0.033
-11.4,0.035
-11.2,0.036
-11,0.037
-10.8,0.039
-10.6,0.04
-10.4,0.042
-10.2,0.043
-10,0.045
-9.8,0.046
-9.6,0.047
-9.4,0.049
-9.2,0.05
-9,0.052
-8.8,0.053
-8.6,0.054
-8.4,0.056
-8.2,0.058
-8,0.06
-7.8,0.061
-7.6,0.063
-7.4,0.065
-7.2,0.067
-7,0.068
-6.8,0.07
-6.6,0.072
-6.4,0.074
-6.2,0.075
-6,0.077
-5.8,0.079
-5.6,0.081
-5.4,0.083
-5.2,0.084
-5,0.086
-4.8,0.088
-4.6,0.09
-4.4,0.091
-4.2,0.093
-4,0.095
-3.8,0.096
-3.6,0.098
-3.4,0.099
-3.2,0.1
-3,0.101
-2.8,0.103
-2.6,0.104
-2.4,0.105
-2.2,0.106
-2,0.107
-1.8,0.108
-1.6,0.109
-1.4,0.11
-1.2,0.111
-1,0.112
-0.8,0.113
-0.6,0.114
-0.4,0.115
-0.2,0.116
0,0.117
