Disp(mm)  Force(kN)
0,0
0.2,0.189
0.4,0.365
0.6,0.514
0.8,0.63
1,0.726
1.2,0.812
1.4,0.892
1.6,0.966
1.8,1.034
2,1.097
1.8,0.901
1.6,0.705
1.4,0.51
1.2,0.316
1,0.132
0.8,-0.023
0.6,-0.092
0.4,-0.132
0.2,-0.15
0,-0.201
-0.2,-0.318
-0.4,-0.429
-0.6,-0.537
-0.8,-0.637
-1,-0.73
-1.2,-0.815
-1.4,-0.894
-1.6,-0.967
-1.8,-1.035
-2,-1.097
-1.8,-0.901
-1.6,-0.706
-1.4,-0.511
-1.2,-0.317
-1,-0.135
-0.8,0.018
-0.6,0.089
-0.4,0.124
-0.2,0.14
0,0.159
0.2,0.18
0.4,0.204
0.6,0.247
0.8,0.343
1,0.477
1.2,0.61
1.4,0.743
1.6,0.874
1.8,1
2,1.097
1.8,0.901
1.6,0.705
1.4,0.511
1.2,0.317
1,0.135
0.8,-0.019
0.6,-0.089
0.4,-0.124
0.2,-0.14
0,-0.159
-0.2,-0.18
-0.4,-0.204
-0.6,-0.241
-0.8,-0.361
-1,-0.495
-1.2,-0.628
-1.4,-0.761
-1.6,-0.892
-1.8,-1.012
-2,-1.097
-1.8,-0.901
-1.6,-0.706
-1.4,-0.512
-1.2,-0.317
-1,-0.135
-0.8,0.018
-0.6,0.089
-0.4,0.124
-0.2,0.14
0,0.159
0.2,0.18
0.4,0.204
0.6,0.241
0.8,0.361
1,0.495
1.2,0.628
1.4,0.761
1.6,0.892
1.8,1.012
2,1.097
2.2,1.154
2.4,1.207
2.6,1.251
2.8,1.287
3,1.322
3.2,1.353
3.4,1.383
3.6,1.411
3.8,1.437
4,1.462
3.8,1.268
3.6,1.072
3.4,0.877
3.2,0.683
3,0.496
2.8,0.329
2.6,0.173
2.4,0.033
2.2,-0.064
2,-0.109
1.8,-0.122
1.6,-0.129
1.4,-0.139
1.2,-0.147
1,-0.155
0.8,-0.164
0.6,-0.173
0.4,-0.197
0.2,-0.225
0,-0.267
-0.2,-0.325
-0.4,-0.383
-0.6,-0.481
-0.8,-0.587
-1,-0.707
-1.2,-0.819
-1.4,-0.921
-1.6,-1.014
-1.8,-1.091
-2,-1.143
-2.2,-1.185
-2.4,-1.224
-2.6,-1.261
-2.8,-1.295
-3,-1.327
-3.2,-1.358
-3.4,-1.387
-3.6,-1.414
-3.8,-1.44
-4,-1.465
-3.8,-1.27
-3.6,-1.075
-3.4,-0.88
-3.2,-0.686
-3,-0.501
-2.8,-0.335
-2.6,-0.18
-2.4,-0.039
-2.2,0.059
-2,0.106
-1.8,0.121
-1.6,0.128
-1.4,0.134
-1.2,0.143
-1,0.15
-0.8,0.157
-0.6,0.163
-0.4,0.171
-0.2,0.184
0,0.204
0.2,0.228
0.4,0.252
0.6,0.282
0.8,0.324
1,0.365
1.2,0.404
1.4,0.458
1.6,0.509
1.8,0.552
2,0.61
2.2,0.686
2.4,0.762
2.6,0.856
2.8,0.95
3,1.043
3.2,1.135
3.4,1.226
3.6,1.315
3.8,1.404
4,1.464
3.8,1.269
3.6,1.075
3.4,0.88
3.2,0.686
3,0.502
2.8,0.337
2.6,0.182
2.4,0.04
2.2,-0.054
2,-0.104
1.8,-0.12
1.6,-0.127
1.4,-0.134
1.2,-0.14
1,-0.147
0.8,-0.155
0.6,-0.16
0.4,-0.169
0.2,-0.179
0,-0.199
-0.2,-0.22
-0.4,-0.243
-0.6,-0.267
-0.8,-0.309
-1,-0.351
-1.2,-0.391
-1.4,-0.445
-1.6,-0.496
-1.8,-0.542
-2,-0.605
-2.2,-0.681
-2.4,-0.757
-2.6,-0.852
-2.8,-0.946
-3,-1.039
-3.2,-1.132
-3.4,-1.223
-3.6,-1.314
-3.8,-1.403
-4,-1.467
-3.8,-1.272
-3.6,-1.078
-3.4,-0.883
-3.2,-0.689
-3,-0.506
-2.8,-0.34
-2.6,-0.185
-2.4,-0.042
-2.2,0.054
-2,0.102
-1.8,0.119
-1.6,0.126
-1.4,0.133
-1.2,0.138
-1,0.146
-0.8,0.153
-0.6,0.159
-0.4,0.167
-0.2,0.176
0,0.197
0.2,0.217
0.4,0.241
0.6,0.264
0.8,0.306
1,0.348
1.2,0.389
1.4,0.443
1.6,0.494
1.8,0.541
2,0.585
2.2,0.662
2.4,0.737
2.6,0.832
2.8,0.926
3,1.019
3.2,1.111
3.4,1.202
3.6,1.293
3.8,1.383
4,1.46
4.2,1.491
4.4,1.513
4.6,1.535
4.8,1.556
5,1.576
5.2,1.595
5.4,1.614
5.6,1.632
5.8,1.65
6,1.667
6.2,1.684
6.4,1.7
6.6,1.716
6.8,1.732
7,1.747
7.2,1.762
7.4,1.777
7.6,1.791
7.8,1.806
8,1.82
7.8,1.625
7.6,1.43
7.4,1.235
7.2,1.041
7,0.859
6.8,0.69
6.6,0.534
6.4,0.386
6.2,0.245
6,0.123
5.8,0.033
5.6,-0.024
5.4,-0.06
5.2,-0.075
5,-0.081
4.8,-0.089
4.6,-0.096
4.4,-0.103
4.2,-0.11
4,-0.115
3.8,-0.12
3.6,-0.126
3.4,-0.143
3.2,-0.159
3,-0.175
2.8,-0.19
2.6,-0.207
2.4,-0.226
2.2,-0.246
2,-0.267
1.8,-0.287
1.6,-0.305
1.4,-0.319
1.2,-0.33
1,-0.343
0.8,-0.356
0.6,-0.368
0.4,-0.38
0.2,-0.392
0,-0.403
-0.2,-0.415
-0.4,-0.435
-0.6,-0.459
-0.8,-0.486
-1,-0.513
-1.2,-0.539
-1.4,-0.562
-1.6,-0.586
-1.8,-0.616
-2,-0.674
-2.2,-0.737
-2.4,-0.803
-2.6,-0.893
-2.8,-0.984
-3,-1.073
-3.2,-1.163
-3.4,-1.252
-3.6,-1.34
-3.8,-1.415
-4,-1.47
-4.2,-1.501
-4.4,-1.523
-4.6,-1.544
-4.8,-1.564
-5,-1.584
-5.2,-1.602
-5.4,-1.621
-5.6,-1.638
-5.8,-1.656
-6,-1.672
-6.2,-1.689
-6.4,-1.705
-6.6,-1.721
-6.8,-1.736
-7,-1.751
-7.2,-1.765
-7.4,-1.78
-7.6,-1.794
-7.8,-1.808
-8,-1.822
-7.8,-1.627
-7.6,-1.432
-7.4,-1.238
-7.2,-1.047
-7,-0.863
-6.8,-0.696
-6.6,-0.539
-6.4,-0.388
-6.2,-0.247
-6,-0.124
-5.8,-0.034
-5.6,0.023
-5.4,0.059
-5.2,0.075
-5,0.081
-4.8,0.089
-4.6,0.096
-4.4,0.102
-4.2,0.108
-4,0.113
-3.8,0.117
-3.6,0.122
-3.4,0.126
-3.2,0.136
-3,0.147
-2.8,0.163
-2.6,0.178
-2.4,0.193
-2.2,0.207
-2,0.223
-1.8,0.239
-1.6,0.258
-1.4,0.275
-1.2,0.291
-1,0.307
-0.8,0.322
-0.6,0.332
-0.4,0.342
-0.2,0.352
0,0.361
0.2,0.37
0.4,0.379
0.6,0.388
0.8,0.396
1,0.405
1.2,0.416
1.4,0.426
1.6,0.437
1.8,0.448
2,0.458
2.2,0.468
2.4,0.478
2.6,0.498
2.8,0.517
3,0.536
3.2,0.553
3.4,0.57
3.6,0.592
3.8,0.614
4,0.635
4.2,0.657
4.4,0.678
4.6,0.7
4.8,0.721
5,0.741
5.2,0.765
5.4,0.816
5.6,0.867
5.8,0.924
6,0.981
6.2,1.058
6.4,1.136
6.6,1.213
6.8,1.29
7,1.364
7.2,1.438
7.4,1.509
7.6,1.581
7.8,1.647
8,1.711
7.8,1.517
7.6,1.324
7.4,1.132
7.2,0.942
7,0.761
6.8,0.592
6.6,0.434
6.4,0.282
6.2,0.174
6,0.09
5.8,0.025
5.6,-0.018
5.4,-0.057
5.2,-0.077
5,-0.084
4.8,-0.09
4.6,-0.098
4.4,-0.105
4.2,-0.111
4,-0.114
3.8,-0.118
3.6,-0.123
3.4,-0.128
3.2,-0.131
3,-0.137
2.8,-0.147
2.6,-0.158
2.4,-0.171
2.2,-0.185
2,-0.199
1.8,-0.215
1.6,-0.232
1.4,-0.251
1.2,-0.269
1,-0.287
0.8,-0.303
0.6,-0.32
0.4,-0.334
0.2,-0.344
0,-0.354
-0.2,-0.364
-0.4,-0.373
-0.6,-0.382
-0.8,-0.39
-1,-0.399
-1.2,-0.408
-1.4,-0.419
-1.6,-0.43
-1.8,-0.44
-2,-0.451
-2.2,-0.461
-2.4,-0.472
-2.6,-0.483
-2.8,-0.502
-3,-0.522
-3.2,-0.541
-3.4,-0.559
-3.6,-0.582
-3.8,-0.605
-4,-0.627
-4.2,-0.649
-4.4,-0.67
-4.6,-0.692
-4.8,-0.713
-5,-0.735
-5.2,-0.758
-5.4,-0.786
-5.6,-0.837
-5.8,-0.894
-6,-0.951
-6.2,-1.009
-6.4,-1.085
-6.6,-1.162
-6.8,-1.239
-7,-1.316
-7.2,-1.391
-7.4,-1.465
-7.6,-1.536
-7.8,-1.608
-8,-1.679
-7.8,-1.486
-7.6,-1.293
-7.4,-1.101
-7.2,-0.912
-7,-0.731
-6.8,-0.56
-6.6,-0.402
-6.4,-0.263
-6.2,-0.163
-6,-0.081
-5.8,-0.025
-5.6,0.018
-5.4,0.057
-5.2,0.076
-5,0.083
-4.8,0.089
-4.6,0.095
-4.4,0.102
-4.2,0.108
-4,0.111
-3.8,0.114
-3.6,0.119
-3.4,0.123
-3.2,0.127
-3,0.131
-2.8,0.139
-2.6,0.149
-2.4,0.163
-2.2,0.177
-2,0.19
-1.8,0.204
-1.6,0.217
-1.4,0.234
-1.2,0.253
-1,0.271
-0.8,0.288
-0.6,0.305
-0.4,0.321
-0.2,0.334
0,0.344
0.2,0.354
0.4,0.364
0.6,0.372
0.8,0.381
1,0.39
1.2,0.399
1.4,0.409
1.6,0.42
1.8,0.432
2,0.443
2.2,0.455
2.4,0.466
2.6,0.477
2.8,0.487
3,0.502
3.2,0.521
3.4,0.541
3.6,0.56
3.8,0.578
4,0.6
4.2,0.622
4.4,0.644
4.6,0.665
4.8,0.687
5,0.708
5.2,0.729
5.4,0.749
5.6,0.77
5.8,0.82
6,0.87
6.2,0.927
6.4,0.983
6.6,1.054
6.8,1.131
7,1.207
7.2,1.284
7.4,1.359
7.6,1.434
7.8,1.507
8,1.577
8.2,1.646
8.4,1.709
8.6,1.772
8.8,1.833
9,1.871
9.2,1.894
9.4,1.909
9.6,1.922
9.8,1.935
10,1.947
10.2,1.96
10.4,1.972
10.6,1.984
10.8,1.996
11,2.007
11.2,2.018
11.4,2.029
11.6,2.04
11.8,2.05
12,2.06
11.8,1.866
11.6,1.673
11.4,1.482
11.2,1.292
11,1.11
10.8,0.938
10.6,0.779
10.4,0.626
10.2,0.484
10,0.347
9.8,0.229
9.6,0.133
9.4,0.067
9.2,0.024
9,-0.008
8.8,-0.031
8.6,-0.044
8.4,-0.05
8.2,-0.055
8,-0.061
7.8,-0.066
7.6,-0.071
7.4,-0.073
7.2,-0.076
7,-0.079
6.8,-0.082
6.6,-0.086
6.4,-0.089
6.2,-0.099
6,-0.111
5.8,-0.123
5.6,-0.134
5.4,-0.146
5.2,-0.162
5,-0.178
4.8,-0.193
4.6,-0.206
4.4,-0.216
4.2,-0.223
4,-0.23
3.8,-0.236
3.6,-0.242
3.4,-0.248
3.2,-0.254
3,-0.26
2.8,-0.266
2.6,-0.272
2.4,-0.28
2.2,-0.288
2,-0.296
1.8,-0.305
1.6,-0.314
1.4,-0.322
1.2,-0.331
1,-0.34
0.8,-0.348
0.6,-0.356
0.4,-0.365
0.2,-0.373
0,-0.382
-0.2,-0.39
-0.4,-0.398
-0.6,-0.408
-0.8,-0.417
-1,-0.427
-1.2,-0.436
-1.4,-0.445
-1.6,-0.454
-1.8,-0.463
-2,-0.472
-2.2,-0.481
-2.4,-0.491
-2.6,-0.499
-2.8,-0.514
-3,-0.53
-3.2,-0.545
-3.4,-0.561
-3.6,-0.577
-3.8,-0.593
-4,-0.614
-4.2,-0.634
-4.4,-0.654
-4.6,-0.675
-4.8,-0.695
-5,-0.716
-5.2,-0.736
-5.4,-0.756
-5.6,-0.777
-5.8,-0.827
-6,-0.877
-6.2,-0.927
-6.4,-0.983
-6.6,-1.059
-6.8,-1.136
-7,-1.211
-7.2,-1.287
-7.4,-1.36
-7.6,-1.433
-7.8,-1.5
-8,-1.563
-8.2,-1.626
-8.4,-1.689
-8.6,-1.752
-8.8,-1.814
-9,-1.872
-9.2,-1.898
-9.4,-1.911
-9.6,-1.924
-9.8,-1.936
-10,-1.949
-10.2,-1.961
-10.4,-1.973
-10.6,-1.986
-10.8,-1.997
-11,-2.008
-11.2,-2.019
-11.4,-2.03
-11.6,-2.04
-11.8,-2.05
-12,-2.061
-11.8,-1.867
-11.6,-1.674
-11.4,-1.483
-11.2,-1.294
-11,-1.112
-10.8,-0.94
-10.6,-0.78
-10.4,-0.627
-10.2,-0.484
-10,-0.347
-9.8,-0.23
-9.6,-0.133
-9.4,-0.067
-9.2,-0.024
-9,0.008
-8.8,0.031
-8.6,0.044
-8.4,0.051
-8.2,0.056
-8,0.061
-7.8,0.066
-7.6,0.07
-7.4,0.073
-7.2,0.076
-7,0.079
-6.8,0.081
-6.6,0.084
-6.4,0.087
-6.2,0.091
-6,0.096
-5.8,0.104
-5.6,0.114
-5.4,0.126
-5.2,0.137
-5,0.149
-4.8,0.16
-4.6,0.171
-4.4,0.186
-4.2,0.199
-4,0.21
-3.8,0.22
-3.6,0.227
-3.4,0.233
-3.2,0.24
-3,0.246
-2.8,0.252
-2.6,0.257
-2.4,0.262
-2.2,0.268
-2,0.275
-1.8,0.282
-1.6,0.289
-1.4,0.297
-1.2,0.304
-1,0.312
-0.8,0.32
-0.6,0.328
-0.4,0.335
-0.2,0.343
0,0.351
0.2,0.359
0.4,0.367
0.6,0.376
0.8,0.384
1,0.392
1.2,0.401
1.4,0.409
1.6,0.417
1.8,0.424
2,0.432
2.2,0.439
2.4,0.447
2.6,0.455
2.8,0.462
3,0.469
3.2,0.477
3.4,0.484
3.6,0.493
3.8,0.501
4,0.509
4.2,0.517
4.4,0.525
4.6,0.532
4.8,0.54
5,0.548
5.2,0.559
5.4,0.574
5.6,0.589
5.8,0.605
6,0.62
6.2,0.635
6.4,0.65
6.6,0.665
6.8,0.68
7,0.697
7.2,0.716
7.4,0.736
7.6,0.755
7.8,0.775
8,0.794
8.2,0.813
8.4,0.833
8.6,0.852
8.8,0.89
9,0.935
9.2,0.981
9.4,1.028
9.6,1.074
9.8,1.127
10,1.197
10.2,1.268
10.4,1.337
10.6,1.406
10.8,1.474
11,1.535
11.2,1.595
11.4,1.655
11.6,1.715
11.8,1.775
12,1.834
11.8,1.641
11.6,1.448
11.4,1.258
11.2,1.071
11,0.89
10.8,0.717
10.6,0.557
10.4,0.42
10.2,0.308
10,0.221
9.8,0.154
9.6,0.109
9.4,0.066
9.2,0.025
9,-0.006
8.8,-0.033
8.6,-0.051
8.4,-0.056
8.2,-0.061
8,-0.066
7.8,-0.071
7.6,-0.075
7.4,-0.078
7.2,-0.08
7,-0.083
6.8,-0.086
6.6,-0.089
6.4,-0.091
6.2,-0.094
6,-0.098
5.8,-0.102
5.6,-0.109
5.4,-0.118
5.2,-0.128
5,-0.14
4.8,-0.15
4.6,-0.159
4.4,-0.167
4.2,-0.176
4,-0.188
3.8,-0.201
3.6,-0.213
3.4,-0.223
3.2,-0.233
3,-0.24
2.8,-0.246
2.6,-0.253
2.4,-0.259
2.2,-0.264
2,-0.27
1.8,-0.277
1.6,-0.284
1.4,-0.291
1.2,-0.298
1,-0.306
0.8,-0.313
0.6,-0.321
0.4,-0.329
0.2,-0.337
0,-0.344
-0.2,-0.352
-0.4,-0.36
-0.6,-0.369
-0.8,-0.377
-1,-0.386
-1.2,-0.394
-1.4,-0.403
-1.6,-0.411
-1.8,-0.42
-2,-0.428
-2.2,-0.436
-2.4,-0.445
-2.6,-0.453
-2.8,-0.461
-3,-0.469
-3.2,-0.476
-3.4,-0.484
-3.6,-0.492
-3.8,-0.501
-4,-0.509
-4.2,-0.517
-4.4,-0.524
-4.6,-0.532
-4.8,-0.54
-5,-0.548
-5.2,-0.559
-5.4,-0.574
-5.6,-0.59
-5.8,-0.605
-6,-0.62
-6.2,-0.635
-6.4,-0.65
-6.6,-0.666
-6.8,-0.681
-7,-0.696
-7.2,-0.716
-7.4,-0.735
-7.6,-0.754
-7.8,-0.774
-8,-0.793
-8.2,-0.812
-8.4,-0.832
-8.6,-0.851
-8.8,-0.889
-9,-0.936
-9.2,-0.983
-9.4,-1.029
-9.6,-1.075
-9.8,-1.128
-10,-1.199
-10.2,-1.269
-10.4,-1.339
-10.6,-1.407
-10.8,-1.475
-11,-1.537
-11.2,-1.598
-11.4,-1.658
-11.6,-1.718
-11.8,-1.778
-12,-1.837
-11.8,-1.643
-11.6,-1.451
-11.4,-1.261
-11.2,-1.075
-11,-0.895
-10.8,-0.721
-10.6,-0.56
-10.4,-0.423
-10.2,-0.31
-10,-0.22
-9.8,-0.154
-9.6,-0.11
-9.4,-0.067
-9.2,-0.026
-9,0.006
-8.8,0.032
-8.6,0.05
-8.4,0.055
-8.2,0.06
-8,0.065
-7.8,0.07
-7.6,0.073
-7.4,0.076
-7.2,0.078
-7,0.081
-6.8,0.084
-6.6,0.087
-6.4,0.089
-6.2,0.092
-6,0.095
-5.8,0.098
-5.6,0.101
-5.4,0.105
-5.2,0.113
-5,0.123
-4.8,0.135
-4.6,0.145
-4.4,0.153
-4.2,0.162
-4,0.17
-3.8,0.178
-3.6,0.191
-3.4,0.203
-3.2,0.215
-3,0.226
-2.8,0.235
-2.6,0.242
-2.4,0.248
-2.2,0.255
-2,0.261
-1.8,0.266
-1.6,0.271
-1.4,0.277
-1.2,0.282
-1,0.289
-0.8,0.296
-0.6,0.304
-0.4,0.312
-0.2,0.32
0,0.328
0.2,0.335
0.4,0.343
0.6,0.351
0.8,0.359
1,0.367
1.2,0.376
1.4,0.385
1.6,0.393
1.8,0.402
2,0.41
2.2,0.418
2.4,0.427
2.6,0.435
2.8,0.444
3,0.452
3.2,0.46
3.4,0.467
3.6,0.475
3.8,0.483
4,0.49
4.2,0.5
4.4,0.508
4.6,0.517
4.8,0.526
5,0.535
5.2,0.544
5.4,0.553
5.6,0.561
5.8,0.571
6,0.586
6.2,0.601
6.4,0.616
6.6,0.631
6.8,0.646
7,0.662
7.2,0.677
7.4,0.692
7.6,0.706
7.8,0.726
8,0.745
8.2,0.764
8.4,0.783
8.6,0.802
8.8,0.822
9,0.841
9.2,0.86
9.4,0.897
9.6,0.935
9.8,0.981
10,1.027
10.2,1.073
10.4,1.125
10.6,1.195
10.8,1.265
11,1.334
11.2,1.401
11.4,1.468
11.6,1.531
11.8,1.591
12,1.651
12.2,1.71
12.4,1.77
12.6,1.83
12.8,1.889
13,1.948
13.2,2.007
13.4,2.06
13.6,2.105
13.8,2.117
14,2.123
14.2,2.128
14.4,2.132
14.6,2.137
14.8,2.141
15,2.145
15.2,2.148
15.4,2.151
15.6,2.153
15.8,2.155
16,2.156
15.8,1.963
15.6,1.772
15.4,1.582
15.2,1.396
15,1.214
14.8,1.04
14.6,0.878
14.4,0.723
14.2,0.589
14,0.465
13.8,0.368
13.6,0.288
13.4,0.208
13.2,0.139
13,0.097
12.8,0.059
12.6,0.031
12.4,0.009
12.2,-0.006
12,-0.018
11.8,-0.029
11.6,-0.034
11.4,-0.039
11.2,-0.042
11,-0.044
10.8,-0.046
10.6,-0.048
10.4,-0.05
10.2,-0.052
10,-0.054
9.8,-0.057
9.6,-0.06
9.4,-0.062
9.2,-0.065
9,-0.067
8.8,-0.069
8.6,-0.072
8.4,-0.076
8.2,-0.082
8,-0.093
7.8,-0.104
7.6,-0.115
7.4,-0.126
7.2,-0.136
7,-0.146
6.8,-0.153
6.6,-0.16
6.4,-0.167
6.2,-0.173
6,-0.179
5.8,-0.183
5.6,-0.187
5.4,-0.191
5.2,-0.196
5,-0.201
4.8,-0.206
4.6,-0.212
4.4,-0.217
4.2,-0.223
4,-0.228
3.8,-0.234
3.6,-0.239
3.4,-0.244
3.2,-0.25
3,-0.255
2.8,-0.261
2.6,-0.266
2.4,-0.271
2.2,-0.277
2,-0.282
1.8,-0.288
1.6,-0.294
1.4,-0.301
1.2,-0.308
1,-0.316
0.8,-0.323
0.6,-0.331
0.4,-0.338
0.2,-0.345
0,-0.352
-0.2,-0.359
-0.4,-0.366
-0.6,-0.373
-0.8,-0.381
-1,-0.388
-1.2,-0.396
-1.4,-0.403
-1.6,-0.41
-1.8,-0.418
-2,-0.425
-2.2,-0.432
-2.4,-0.439
-2.6,-0.447
-2.8,-0.454
-3,-0.461
-3.2,-0.468
-3.4,-0.475
-3.6,-0.482
-3.8,-0.489
-4,-0.496
-4.2,-0.503
-4.4,-0.512
-4.6,-0.521
-4.8,-0.529
-5,-0.538
-5.2,-0.547
-5.4,-0.555
-5.6,-0.57
-5.8,-0.585
-6,-0.6
-6.2,-0.615
-6.4,-0.63
-6.6,-0.645
-6.8,-0.66
-7,-0.675
-7.2,-0.69
-7.4,-0.704
-7.6,-0.719
-7.8,-0.734
-8,-0.753
-8.2,-0.772
-8.4,-0.791
-8.6,-0.811
-8.8,-0.83
-9,-0.849
-9.2,-0.886
-9.4,-0.924
-9.6,-0.961
-9.8,-1.007
-10,-1.053
-10.2,-1.098
-10.4,-1.166
-10.6,-1.234
-10.8,-1.297
-11,-1.357
-11.2,-1.417
-11.4,-1.477
-11.6,-1.537
-11.8,-1.597
-12,-1.657
-12.2,-1.717
-12.4,-1.777
-12.6,-1.837
-12.8,-1.896
-13,-1.956
-13.2,-2.014
-13.4,-2.063
-13.6,-2.105
-13.8,-2.118
-14,-2.123
-14.2,-2.128
-14.4,-2.133
-14.6,-2.137
-14.8,-2.141
-15,-2.145
-15.2,-2.148
-15.4,-2.151
-15.6,-2.153
-15.8,-2.155
-16,-2.155
-15.8,-1.962
-15.6,-1.77
-15.4,-1.58
-15.2,-1.394
-15,-1.212
-14.8,-1.038
-14.6,-0.876
-14.4,-0.721
-14.2,-0.589
-14,-0.465
-13.8,-0.37
-13.6,-0.289
-13.4,-0.209
-13.2,-0.141
-13,-0.098
-12.8,-0.06
-12.6,-0.032
-12.4,-0.01
-12.2,0.006
-12,0.018
-11.8,0.028
-11.6,0.034
-11.4,0.038
-11.2,0.042
-11,0.044
-10.8,0.046
-10.6,0.048
-10.4,0.05
-10.2,0.052
-10,0.054
-9.8,0.056
-9.6,0.059
-9.4,0.062
-9.2,0.065
-9,0.067
-8.8,0.069
-8.6,0.071
-8.4,0.074
-8.2,0.076
-8,0.08
-7.8,0.084
-7.6,0.09
-7.4,0.1
-7.2,0.111
-7,0.122
-6.8,0.133
-6.6,0.143
-6.4,0.152
-6.2,0.159
-6,0.165
-5.8,0.171
-5.6,0.177
-5.4,0.181
-5.2,0.186
-5,0.19
-4.8,0.194
-4.6,0.198
-4.4,0.202
-4.2,0.207
-4,0.211
-3.8,0.216
-3.6,0.22
-3.4,0.225
-3.2,0.23
-3,0.235
-2.8,0.24
-2.6,0.246
-2.4,0.251
-2.2,0.257
-2,0.262
-1.8,0.267
-1.6,0.273
-1.4,0.278
-1.2,0.284
-1,0.291
-0.8,0.298
-0.6,0.305
-0.4,0.312
-0.2,0.318
0,0.325
0.2,0.332
0.4,0.339
0.6,0.345
0.8,0.352
1,0.358
1.2,0.364
1.4,0.371
1.6,0.377
1.8,0.384
2,0.391
2.2,0.398
2.4,0.404
2.6,0.411
2.8,0.417
3,0.424
3.2,0.43
3.4,0.437
3.6,0.443
3.8,0.45
4,0.457
4.2,0.464
4.4,0.471
4.6,0.478
4.8,0.485
5,0.492
5.2,0.499
5.4,0.506
5.6,0.513
5.8,0.521
6,0.528
6.2,0.535
6.4,0.542
6.6,0.549
6.8,0.555
7,0.561
7.2,0.567
7.4,0.573
7.6,0.58
7.8,0.591
8,0.605
8.2,0.62
8.4,0.635
8.6,0.649
8.8,0.664
9,0.678
9.2,0.693
9.4,0.707
9.6,0.721
9.8,0.736
10,0.75
10.2,0.765
10.4,0.779
10.6,0.793
10.8,0.808
11,0.827
11.2,0.846
11.4,0.864
11.6,0.883
11.8,0.901
12,0.937
12.2,0.972
12.4,1.007
12.6,1.042
12.8,1.076
13,1.11
13.2,1.144
13.4,1.186
13.6,1.224
13.8,1.274
14,1.323
14.2,1.372
14.4,1.43
14.6,1.488
14.8,1.545
15,1.603
15.2,1.66
15.4,1.718
15.6,1.775
15.8,1.833
16,1.89
15.8,1.696
15.6,1.503
15.4,1.312
15.2,1.125
15,0.944
14.8,0.774
14.6,0.63
14.4,0.508
14.2,0.419
14,0.335
13.8,0.264
13.6,0.213
13.4,0.17
13.2,0.127
13,0.091
12.8,0.059
12.6,0.029
12.4,0.006
12.2,-0.013
12,-0.026
11.8,-0.035
11.6,-0.039
11.4,-0.043
11.2,-0.045
11,-0.047
10.8,-0.049
10.6,-0.051
10.4,-0.053
10.2,-0.055
10,-0.057
9.8,-0.059
9.6,-0.061
9.4,-0.063
9.2,-0.066
9,-0.069
8.8,-0.071
8.6,-0.074
8.4,-0.077
8.2,-0.079
8,-0.081
7.8,-0.084
7.6,-0.086
7.4,-0.09
7.2,-0.094
7,-0.104
6.8,-0.114
6.6,-0.125
6.4,-0.136
6.2,-0.147
6,-0.155
5.8,-0.161
5.6,-0.168
5.4,-0.174
5.2,-0.179
5,-0.184
4.8,-0.188
4.6,-0.193
4.4,-0.198
4.2,-0.203
4,-0.207
3.8,-0.212
3.6,-0.216
3.4,-0.221
3.2,-0.225
3,-0.23
2.8,-0.234
2.6,-0.24
2.4,-0.245
2.2,-0.251
2,-0.256
1.8,-0.262
1.6,-0.267
1.4,-0.272
1.2,-0.278
1,-0.283
0.8,-0.29
0.6,-0.297
0.4,-0.304
0.2,-0.311
0,-0.318
-0.2,-0.325
-0.4,-0.332
-0.6,-0.338
-0.8,-0.345
-1,-0.352
-1.2,-0.358
-1.4,-0.365
-1.6,-0.371
-1.8,-0.378
-2,-0.386
-2.2,-0.393
-2.4,-0.4
-2.6,-0.407
-2.8,-0.413
-3,-0.42
-3.2,-0.427
-3.4,-0.433
-3.6,-0.44
-3.8,-0.447
-4,-0.454
-4.2,-0.462
-4.4,-0.469
-4.6,-0.476
-4.8,-0.483
-5,-0.49
-5.2,-0.497
-5.4,-0.504
-5.6,-0.511
-5.8,-0.518
-6,-0.525
-6.2,-0.532
-6.4,-0.539
-6.6,-0.546
-6.8,-0.553
-7,-0.559
-7.2,-0.565
-7.4,-0.571
-7.6,-0.578
-7.8,-0.585
-8,-0.593
-8.2,-0.607
-8.4,-0.622
-8.6,-0.636
-8.8,-0.651
-9,-0.665
-9.2,-0.68
-9.4,-0.694
-9.6,-0.709
-9.8,-0.723
-10,-0.738
-10.2,-0.752
-10.4,-0.766
-10.6,-0.781
-10.8,-0.795
-11,-0.813
-11.2,-0.832
-11.4,-0.851
-11.6,-0.87
-11.8,-0.889
-12,-0.908
-12.2,-0.944
-12.4,-0.979
-12.6,-1.015
-12.8,-1.05
-13,-1.085
-13.2,-1.12
-13.4,-1.164
-13.6,-1.209
-13.8,-1.266
-14,-1.324
-14.2,-1.378
-14.4,-1.437
-14.6,-1.494
-14.8,-1.552
-15,-1.609
-15.2,-1.667
-15.4,-1.724
-15.6,-1.782
-15.8,-1.839
-16,-1.896
-15.8,-1.703
-15.6,-1.511
-15.4,-1.32
-15.2,-1.134
-15,-0.954
-14.8,-0.783
-14.6,-0.634
-14.4,-0.514
-14.2,-0.423
-14,-0.339
-13.8,-0.264
-13.6,-0.215
-13.4,-0.172
-13.2,-0.129
-13,-0.094
-12.8,-0.062
-12.6,-0.031
-12.4,-0.008
-12.2,0.012
-12,0.025
-11.8,0.036
-11.6,0.04
-11.4,0.044
-11.2,0.046
-11,0.048
-10.8,0.05
-10.6,0.052
-10.4,0.054
-10.2,0.056
-10,0.058
-9.8,0.06
-9.6,0.062
-9.4,0.064
-9.2,0.066
-9,0.068
-8.8,0.07
-8.6,0.073
-8.4,0.075
-8.2,0.078
-8,0.081
-7.8,0.083
-7.6,0.086
-7.4,0.088
-7.2,0.09
-7,0.094
-6.8,0.098
-6.6,0.104
-6.4,0.114
-6.2,0.125
-6,0.136
-5.8,0.144
-5.6,0.151
-5.4,0.158
-5.2,0.165
-5,0.172
-4.8,0.178
-4.6,0.183
-4.4,0.188
-4.2,0.192
-4,0.198
-3.8,0.203
-3.6,0.207
-3.4,0.212
-3.2,0.217
-3,0.221
-2.8,0.226
-2.6,0.23
-2.4,0.235
-2.2,0.24
-2,0.245
-1.8,0.251
-1.6,0.256
-1.4,0.262
-1.2,0.267
-1,0.272
-0.8,0.278
-0.6,0.283
-0.4,0.289
-0.2,0.294
0,0.3
0.2,0.307
0.4,0.313
0.6,0.32
0.8,0.327
1,0.334
1.2,0.341
1.4,0.348
1.6,0.355
1.8,0.361
2,0.368
2.2,0.375
2.4,0.382
2.6,0.389
2.8,0.396
3,0.403
3.2,0.41
3.4,0.417
3.6,0.424
3.8,0.431
4,0.437
4.2,0.444
4.4,0.451
4.6,0.458
4.8,0.466
5,0.473
5.2,0.48
5.4,0.487
5.6,0.494
5.8,0.501
6,0.508
6.2,0.515
6.4,0.522
6.6,0.529
6.8,0.536
7,0.543
7.2,0.55
7.4,0.557
7.6,0.564
7.8,0.571
8,0.578
8.2,0.585
8.4,0.593
8.6,0.601
8.8,0.608
9,0.621
9.2,0.635
9.4,0.649
9.6,0.664
9.8,0.678
10,0.693
10.2,0.707
10.4,0.722
10.6,0.736
10.8,0.75
11,0.765
11.2,0.779
11.4,0.794
11.6,0.808
11.8,0.822
12,0.841
12.2,0.86
12.4,0.879
12.6,0.897
12.8,0.916
13,0.951
13.2,0.986
13.4,1.021
13.6,1.056
13.8,1.091
14,1.134
14.2,1.178
14.4,1.221
14.6,1.278
14.8,1.335
15,1.394
15.2,1.451
15.4,1.508
15.6,1.566
15.8,1.623
16,1.68
16.2,1.736
16.4,1.793
16.6,1.85
16.8,1.907
17,1.964
17.2,2.016
17.4,2.056
17.6,2.085
17.8,2.109
18,2.115
18.2,2.114
18.4,2.112
18.6,2.108
18.8,2.104
19,2.099
19.2,2.094
19.4,2.088
19.6,2.082
19.8,2.074
20,2.065
20.2,2.055
20.4,2.045
20.6,2.035
20.8,2.024
21,2.013
21.2,2.002
21.4,1.991
21.6,1.98
21.8,1.968
22,1.957
22.2,1.945
22.4,1.933
22.6,1.92
22.8,1.908
23,1.895
23.2,1.882
23.4,1.87
23.6,1.857
23.8,1.845
24,1.832
23.8,1.643
23.6,1.47
23.4,1.312
23.2,1.166
23,1.022
22.8,0.887
22.6,0.775
22.4,0.684
22.2,0.608
22,0.547
21.8,0.488
21.6,0.429
21.4,0.373
21.2,0.328
21,0.284
20.8,0.24
20.6,0.202
20.4,0.175
20.2,0.148
20,0.126
19.8,0.104
19.6,0.085
19.4,0.07
19.2,0.057
19,0.043
18.8,0.03
18.6,0.019
18.4,0.011
18.2,0.005
18,-0.002
17.8,-0.008
17.6,-0.012
17.4,-0.016
17.2,-0.02
17,-0.023
16.8,-0.025
16.6,-0.028
16.4,-0.031
16.2,-0.033
16,-0.036
15.8,-0.037
15.6,-0.039
15.4,-0.041
15.2,-0.042
15,-0.044
14.8,-0.045
14.6,-0.047
14.4,-0.048
14.2,-0.049
14,-0.051
13.8,-0.052
13.6,-0.054
13.4,-0.055
13.2,-0.057
13,-0.058
12.8,-0.06
12.6,-0.061
12.4,-0.063
12.2,-0.065
12,-0.066
11.8,-0.068
11.6,-0.07
11.4,-0.071
11.2,-0.073
11,-0.075
10.8,-0.076
10.6,-0.078
10.4,-0.081
10.2,-0.083
10,-0.086
9.8,-0.088
9.6,-0.09
9.4,-0.092
9.2,-0.093
9,-0.097
8.8,-0.1
8.6,-0.105
8.4,-0.11
8.2,-0.115
8,-0.121
7.8,-0.127
7.6,-0.135
7.4,-0.139
7.2,-0.143
7,-0.148
6.8,-0.152
6.6,-0.156
6.4,-0.16
6.2,-0.165
6,-0.169
5.8,-0.173
5.6,-0.177
5.4,-0.181
5.2,-0.186
5,-0.19
4.8,-0.195
4.6,-0.2
4.4,-0.204
4.2,-0.209
4,-0.213
3.8,-0.218
3.6,-0.222
3.4,-0.227
3.2,-0.231
3,-0.236
2.8,-0.24
2.6,-0.245
2.4,-0.249
2.2,-0.253
2,-0.257
1.8,-0.261
1.6,-0.266
1.4,-0.272
1.2,-0.278
1,-0.285
0.8,-0.291
0.6,-0.297
0.4,-0.304
0.2,-0.31
0,-0.317
-0.2,-0.323
-0.4,-0.33
-0.6,-0.336
-0.8,-0.342
-1,-0.349
-1.2,-0.355
-1.4,-0.361
-1.6,-0.368
-1.8,-0.374
-2,-0.38
-2.2,-0.387
-2.4,-0.393
-2.6,-0.399
-2.8,-0.406
-3,-0.412
-3.2,-0.418
-3.4,-0.425
-3.6,-0.431
-3.8,-0.438
-4,-0.445
-4.2,-0.451
-4.4,-0.458
-4.6,-0.464
-4.8,-0.471
-5,-0.477
-5.2,-0.483
-5.4,-0.49
-5.6,-0.497
-5.8,-0.504
-6,-0.511
-6.2,-0.518
-6.4,-0.525
-6.6,-0.532
-6.8,-0.541
-7,-0.553
-7.2,-0.565
-7.4,-0.577
-7.6,-0.589
-7.8,-0.601
-8,-0.612
-8.2,-0.623
-8.4,-0.633
-8.6,-0.644
-8.8,-0.655
-9,-0.668
-9.2,-0.682
-9.4,-0.695
-9.6,-0.708
-9.8,-0.722
-10,-0.735
-10.2,-0.748
-10.4,-0.762
-10.6,-0.775
-10.8,-0.788
-11,-0.802
-11.2,-0.815
-11.4,-0.828
-11.6,-0.841
-11.8,-0.854
-12,-0.868
-12.2,-0.885
-12.4,-0.913
-12.6,-0.941
-12.8,-0.97
-13,-0.998
-13.2,-1.027
-13.4,-1.055
-13.6,-1.083
-13.8,-1.111
-14,-1.14
-14.2,-1.179
-14.4,-1.228
-14.6,-1.277
-14.8,-1.326
-15,-1.383
-15.2,-1.44
-15.4,-1.498
-15.6,-1.555
-15.8,-1.612
-16,-1.669
-16.2,-1.726
-16.4,-1.782
-16.6,-1.839
-16.8,-1.896
-17,-1.953
-17.2,-2.004
-17.4,-2.049
-17.6,-2.076
-17.8,-2.097
-18,-2.105
-18.2,-2.104
-18.4,-2.102
-18.6,-2.101
-18.8,-2.096
-19,-2.092
-19.2,-2.086
-19.4,-2.081
-19.6,-2.075
-19.8,-2.067
-20,-2.059
-20.2,-2.05
-20.4,-2.04
-20.6,-2.029
-20.8,-2.018
-21,-2.007
-21.2,-1.996
-21.4,-1.985
-21.6,-1.974
-21.8,-1.962
-22,-1.951
-22.2,-1.939
-22.4,-1.927
-22.6,-1.914
-22.8,-1.902
-23,-1.889
-23.2,-1.877
-23.4,-1.864
-23.6,-1.852
-23.8,-1.839
-24,-1.826
-23.8,-1.638
-23.6,-1.461
-23.4,-1.304
-23.2,-1.156
-23,-1.013
-22.8,-0.879
-22.6,-0.772
-22.4,-0.684
-22.2,-0.609
-22,-0.55
-21.8,-0.491
-21.6,-0.432
-21.4,-0.377
-21.2,-0.333
-21,-0.289
-20.8,-0.245
-20.6,-0.203
-20.4,-0.177
-20.2,-0.15
-20,-0.128
-19.8,-0.106
-19.6,-0.088
-19.4,-0.073
-19.2,-0.06
-19,-0.046
-18.8,-0.033
-18.6,-0.022
-18.4,-0.014
-18.2,-0.008
-18,-0.002
-17.8,0.002
-17.6,0.006
-17.4,0.01
-17.2,0.014
-17,0.018
-16.8,0.02
-16.6,0.023
-16.4,0.025
-16.2,0.028
-16,0.03
-15.8,0.032
-15.6,0.034
-15.4,0.036
-15.2,0.037
-15,0.039
-14.8,0.04
-14.6,0.042
-14.4,0.044
-14.2,0.045
-14,0.047
-13.8,0.048
-13.6,0.05
-13.4,0.051
-13.2,0.053
-13,0.054
-12.8,0.056
-12.6,0.057
-12.4,0.059
-12.2,0.06
-12,0.062
-11.8,0.063
-11.6,0.065
-11.4,0.066
-11.2,0.068
-11,0.069
-10.8,0.071
-10.6,0.072
-10.4,0.074
-10.2,0.075
-10,0.077
-9.8,0.078
-9.6,0.08
-9.4,0.081
-9.2,0.083
-9,0.084
-8.8,0.085
-8.6,0.087
-8.4,0.088
-8.2,0.09
-8,0.091
-7.8,0.092
-7.6,0.094
-7.4,0.095
-7.2,0.097
-7,0.098
-6.8,0.1
-6.6,0.101
-6.4,0.102
-6.2,0.104
-6,0.105
-5.8,0.107
-5.6,0.11
-5.4,0.114
-5.2,0.117
-5,0.12
-4.8,0.123
-4.6,0.126
-4.4,0.129
-4.2,0.132
-4,0.135
-3.8,0.139
-3.6,0.143
-3.4,0.147
-3.2,0.151
-3,0.155
-2.8,0.159
-2.6,0.163
-2.4,0.167
-2.2,0.171
-2,0.175
-1.8,0.179
-1.6,0.182
-1.4,0.186
-1.2,0.19
-1,0.193
-0.8,0.197
-0.6,0.201
-0.4,0.205
-0.2,0.21
0,0.214
0.2,0.219
0.4,0.223
0.6,0.228
0.8,0.233
1,0.238
1.2,0.244
1.4,0.25
1.6,0.255
1.8,0.261
2,0.267
2.2,0.272
2.4,0.277
2.6,0.282
2.8,0.287
3,0.292
3.2,0.297
3.4,0.303
3.6,0.308
3.8,0.313
4,0.318
4.2,0.323
4.4,0.328
4.6,0.333
4.8,0.338
5,0.343
5.2,0.348
5.4,0.353
5.6,0.358
5.8,0.363
6,0.368
6.2,0.373
6.4,0.378
6.6,0.383
6.8,0.388
7,0.394
7.2,0.4
7.4,0.406
7.6,0.413
7.8,0.419
8,0.425
8.2,0.431
8.4,0.437
8.6,0.443
8.8,0.449
9,0.456
9.2,0.462
9.4,0.468
9.6,0.474
9.8,0.48
10,0.486
10.2,0.492
10.4,0.501
10.6,0.509
10.8,0.518
11,0.527
11.2,0.535
11.4,0.545
11.6,0.554
11.8,0.564
12,0.573
12.2,0.583
12.4,0.592
12.6,0.601
12.8,0.611
13,0.62
13.2,0.63
13.4,0.639
13.6,0.649
13.8,0.66
14,0.67
14.2,0.68
14.4,0.691
14.6,0.701
14.8,0.711
15,0.721
15.2,0.732
15.4,0.742
15.6,0.752
15.8,0.763
16,0.773
16.2,0.783
16.4,0.794
16.6,0.804
16.8,0.814
17,0.825
17.2,0.835
17.4,0.845
17.6,0.858
17.8,0.872
18,0.892
18.2,0.911
18.4,0.931
18.6,0.95
18.8,0.97
19,0.989
19.2,1.008
19.4,1.028
19.6,1.047
19.8,1.067
20,1.086
20.2,1.106
20.4,1.125
20.6,1.145
20.8,1.164
21,1.183
21.2,1.203
21.4,1.23
21.6,1.257
21.8,1.284
22,1.318
22.2,1.352
22.4,1.386
22.6,1.42
22.8,1.455
23,1.489
23.2,1.535
23.4,1.582
23.6,1.628
23.8,1.682
24,1.701
23.8,1.51
23.6,1.329
23.4,1.175
23.2,1.023
23,0.876
22.8,0.761
22.6,0.677
22.4,0.598
22.2,0.532
22,0.472
21.8,0.413
21.6,0.357
21.4,0.325
21.2,0.293
21,0.262
20.8,0.23
20.6,0.2
20.4,0.173
20.2,0.147
20,0.125
19.8,0.102
19.6,0.08
19.4,0.065
19.2,0.052
19,0.038
18.8,0.025
18.6,0.012
18.4,0.007
18.2,0.003
18,-0.001
17.8,-0.006
17.6,-0.01
17.4,-0.014
17.2,-0.018
17,-0.02
16.8,-0.023
16.6,-0.026
16.4,-0.028
16.2,-0.03
16,-0.032
15.8,-0.034
15.6,-0.036
15.4,-0.037
15.2,-0.039
15,-0.04
14.8,-0.042
14.6,-0.044
14.4,-0.045
14.2,-0.047
14,-0.049
13.8,-0.05
13.6,-0.052
13.4,-0.053
13.2,-0.055
13,-0.057
12.8,-0.058
12.6,-0.06
12.4,-0.062
12.2,-0.064
12,-0.065
11.8,-0.067
11.6,-0.069
11.4,-0.071
11.2,-0.072
11,-0.074
10.8,-0.076
10.6,-0.078
10.4,-0.079
10.2,-0.081
10,-0.083
9.8,-0.084
9.6,-0.086
9.4,-0.087
9.2,-0.089
9,-0.09
8.8,-0.092
8.6,-0.093
8.4,-0.095
8.2,-0.096
8,-0.098
7.8,-0.1
7.6,-0.101
7.4,-0.103
7.2,-0.104
7,-0.105
6.8,-0.107
6.6,-0.108
6.4,-0.109
6.2,-0.11
6,-0.111
5.8,-0.112
5.6,-0.113
5.4,-0.114
5.2,-0.115
5,-0.117
4.8,-0.118
4.6,-0.12
4.4,-0.121
4.2,-0.122
4,-0.124
3.8,-0.125
3.6,-0.128
3.4,-0.131
3.2,-0.135
3,-0.138
2.8,-0.141
2.6,-0.144
2.4,-0.147
2.2,-0.151
2,-0.155
1.8,-0.16
1.6,-0.164
1.4,-0.169
1.2,-0.173
1,-0.178
0.8,-0.183
0.6,-0.188
0.4,-0.193
0.2,-0.196
0,-0.2
-0.2,-0.204
-0.4,-0.209
-0.6,-0.213
-0.8,-0.218
-1,-0.224
-1.2,-0.229
-1.4,-0.235
-1.6,-0.241
-1.8,-0.246
-2,-0.252
-2.2,-0.257
-2.4,-0.263
-2.6,-0.268
-2.8,-0.273
-3,-0.278
-3.2,-0.283
-3.4,-0.288
-3.6,-0.293
-3.8,-0.299
-4,-0.304
-4.2,-0.309
-4.4,-0.314
-4.6,-0.319
-4.8,-0.324
-5,-0.329
-5.2,-0.335
-5.4,-0.34
-5.6,-0.345
-5.8,-0.35
-6,-0.355
-6.2,-0.36
-6.4,-0.365
-6.6,-0.37
-6.8,-0.374
-7,-0.379
-7.2,-0.384
-7.4,-0.389
-7.6,-0.394
-7.8,-0.399
-8,-0.404
-8.2,-0.409
-8.4,-0.415
-8.6,-0.422
-8.8,-0.428
-9,-0.434
-9.2,-0.44
-9.4,-0.446
-9.6,-0.453
-9.8,-0.459
-10,-0.465
-10.2,-0.472
-10.4,-0.481
-10.6,-0.491
-10.8,-0.5
-11,-0.509
-11.2,-0.518
-11.4,-0.527
-11.6,-0.536
-11.8,-0.545
-12,-0.554
-12.2,-0.563
-12.4,-0.573
-12.6,-0.583
-12.8,-0.593
-13,-0.603
-13.2,-0.614
-13.4,-0.624
-13.6,-0.634
-13.8,-0.644
-14,-0.654
-14.2,-0.666
-14.4,-0.677
-14.6,-0.689
-14.8,-0.701
-15,-0.712
-15.2,-0.723
-15.4,-0.735
-15.6,-0.746
-15.8,-0.757
-16,-0.769
-16.2,-0.78
-16.4,-0.791
-16.6,-0.802
-16.8,-0.813
-17,-0.824
-17.2,-0.835
-17.4,-0.845
-17.6,-0.856
-17.8,-0.875
-18,-0.895
-18.2,-0.914
-18.4,-0.934
-18.6,-0.953
-18.8,-0.973
-19,-0.992
-19.2,-1.012
-19.4,-1.031
-19.6,-1.051
-19.8,-1.07
-20,-1.09
-20.2,-1.109
-20.4,-1.128
-20.6,-1.148
-20.8,-1.167
-21,-1.187
-21.2,-1.206
-21.4,-1.226
-21.6,-1.253
-21.8,-1.287
-22,-1.321
-22.2,-1.355
-22.4,-1.39
-22.6,-1.424
-22.8,-1.458
-23,-1.492
-23.2,-1.526
-23.4,-1.573
-23.6,-1.619
-23.8,-1.665
-24,-1.712
-23.8,-1.523
-23.6,-1.343
-23.4,-1.187
-23.2,-1.034
-23,-0.888
-22.8,-0.763
-22.6,-0.68
-22.4,-0.602
-22.2,-0.537
-22,-0.478
-21.8,-0.419
-21.6,-0.363
-21.4,-0.327
-21.2,-0.295
-21,-0.264
-20.8,-0.233
-20.6,-0.202
-20.4,-0.176
-20.2,-0.15
-20,-0.127
-19.8,-0.105
-19.6,-0.083
-19.4,-0.068
-19.2,-0.054
-19,-0.041
-18.8,-0.027
-18.6,-0.015
-18.4,-0.009
-18.2,-0.005
-18,-0.001
-17.8,0.003
-17.6,0.007
-17.4,0.011
-17.2,0.015
-17,0.018
-16.8,0.021
-16.6,0.023
-16.4,0.026
-16.2,0.028
-16,0.03
-15.8,0.032
-15.6,0.033
-15.4,0.035
-15.2,0.037
-15,0.038
-14.8,0.04
-14.6,0.042
-14.4,0.043
-14.2,0.045
-14,0.046
-13.8,0.048
-13.6,0.05
-13.4,0.051
-13.2,0.053
-13,0.055
-12.8,0.056
-12.6,0.058
-12.4,0.059
-12.2,0.061
-12,0.063
-11.8,0.064
-11.6,0.066
-11.4,0.067
-11.2,0.069
-11,0.071
-10.8,0.072
-10.6,0.074
-10.4,0.076
-10.2,0.078
-10,0.079
-9.8,0.081
-9.6,0.082
-9.4,0.084
-9.2,0.085
-9,0.087
-8.8,0.088
-8.6,0.089
-8.4,0.091
-8.2,0.092
-8,0.094
-7.8,0.095
-7.6,0.097
-7.4,0.098
-7.2,0.1
-7,0.101
-6.8,0.103
-6.6,0.104
-6.4,0.106
-6.2,0.107
-6,0.108
-5.8,0.109
-5.6,0.11
-5.4,0.111
-5.2,0.112
-5,0.113
-4.8,0.114
-4.6,0.115
-4.4,0.116
-4.2,0.117
-4,0.119
-3.8,0.12
-3.6,0.121
-3.4,0.123
-3.2,0.125
-3,0.127
-2.8,0.128
-2.6,0.131
-2.4,0.134
-2.2,0.138
-2,0.141
-1.8,0.144
-1.6,0.147
-1.4,0.15
-1.2,0.154
-1,0.158
-0.8,0.163
-0.6,0.167
-0.4,0.172
-0.2,0.177
0,0.182
0.2,0.187
0.4,0.192
0.6,0.197
0.8,0.201
1,0.205
1.2,0.21
1.4,0.215
1.6,0.221
1.8,0.227
2,0.232
2.2,0.238
2.4,0.244
2.6,0.249
2.8,0.255
3,0.26
3.2,0.265
3.4,0.271
3.6,0.276
3.8,0.281
4,0.286
4.2,0.291
4.4,0.296
4.6,0.301
4.8,0.306
5,0.312
5.2,0.317
5.4,0.322
5.6,0.327
5.8,0.332
6,0.337
6.2,0.342
6.4,0.347
6.6,0.352
6.8,0.358
7,0.363
7.2,0.368
7.4,0.373
7.6,0.378
7.8,0.383
8,0.388
8.2,0.393
8.4,0.398
8.6,0.403
8.8,0.408
9,0.413
9.2,0.418
9.4,0.424
9.6,0.43
9.8,0.436
10,0.442
10.2,0.449
10.4,0.455
10.6,0.461
10.8,0.467
11,0.473
11.2,0.479
11.4,0.486
11.6,0.492
11.8,0.498
12,0.507
12.2,0.516
12.4,0.525
12.6,0.534
12.8,0.543
13,0.551
13.2,0.56
13.4,0.569
13.6,0.579
13.8,0.59
14,0.6
14.2,0.61
14.4,0.62
14.6,0.63
14.8,0.64
15,0.65
15.2,0.66
15.4,0.671
15.6,0.682
15.8,0.694
16,0.705
16.2,0.717
16.4,0.728
16.6,0.739
16.8,0.75
17,0.762
17.2,0.773
17.4,0.784
17.6,0.795
17.8,0.806
18,0.817
18.2,0.828
18.4,0.838
18.6,0.849
18.8,0.862
19,0.875
19.2,0.895
19.4,0.914
19.6,0.933
19.8,0.953
20,0.972
20.2,0.991
20.4,1.011
20.6,1.03
20.8,1.049
21,1.069
21.2,1.088
21.4,1.107
21.6,1.127
21.8,1.146
22,1.166
22.2,1.193
22.4,1.22
22.6,1.254
22.8,1.288
23,1.322
23.2,1.356
23.4,1.39
23.6,1.436
23.8,1.482
24,1.537
24.2,1.58
24.4,1.606
24.6,1.624
24.8,1.633
25,1.636
25.2,1.63
25.4,1.623
25.6,1.614
25.8,1.605
26,1.595
26.2,1.586
26.4,1.576
26.6,1.566
26.8,1.556
27,1.546
27.2,1.536
27.4,1.526
27.6,1.515
27.8,1.503
28,1.492
28.2,1.481
28.4,1.472
28.6,1.463
28.8,1.453
29,1.445
29.2,1.436
29.4,1.428
29.6,1.42
29.8,1.412
30,1.404
30.2,1.396
30.4,1.389
30.6,1.382
30.8,1.375
31,1.368
31.2,1.36
31.4,1.353
31.6,1.345
31.8,1.338
32,1.33
32.2,1.323
32.4,1.316
32.6,1.309
32.8,1.302
33,1.295
33.2,1.288
33.4,1.281
33.6,1.274
33.8,1.268
34,1.261
34.2,1.254
34.4,1.246
34.6,1.238
34.8,1.23
35,1.223
35.2,1.216
35.4,1.208
35.6,1.201
35.8,1.193
36,1.186
35.8,1.069
35.6,0.961
35.4,0.862
35.2,0.769
35,0.684
34.8,0.611
34.6,0.549
34.4,0.501
34.2,0.469
34,0.443
33.8,0.417
33.6,0.39
33.4,0.365
33.2,0.341
33,0.317
32.8,0.293
32.6,0.27
32.4,0.248
32.2,0.227
32,0.207
31.8,0.192
31.6,0.179
31.4,0.167
31.2,0.154
31,0.142
30.8,0.131
30.6,0.122
30.4,0.113
30.2,0.103
30,0.094
29.8,0.085
29.6,0.076
29.4,0.07
29.2,0.065
29,0.06
28.8,0.055
28.6,0.05
28.4,0.045
28.2,0.04
28,0.036
27.8,0.032
27.6,0.028
27.4,0.024
27.2,0.021
27,0.018
26.8,0.016
26.6,0.014
26.4,0.012
26.2,0.011
26,0.009
25.8,0.008
25.6,0.006
25.4,0.005
25.2,0.003
25,0.002
24.8,0
24.6,-0.001
24.4,-0.003
24.2,-0.004
24,-0.006
23.8,-0.007
23.6,-0.009
23.4,-0.01
23.2,-0.012
23,-0.013
22.8,-0.015
22.6,-0.016
22.4,-0.017
22.2,-0.018
22,-0.02
21.8,-0.021
21.6,-0.022
21.4,-0.023
21.2,-0.024
21,-0.025
20.8,-0.026
20.6,-0.027
20.4,-0.029
20.2,-0.03
20,-0.031
19.8,-0.032
19.6,-0.033
19.4,-0.034
19.2,-0.035
19,-0.036
18.8,-0.038
18.6,-0.039
18.4,-0.04
18.2,-0.041
18,-0.042
17.8,-0.043
17.6,-0.044
17.4,-0.046
17.2,-0.047
17,-0.049
16.8,-0.05
16.6,-0.052
16.4,-0.053
16.2,-0.055
16,-0.057
15.8,-0.058
15.6,-0.06
15.4,-0.061
15.2,-0.063
15,-0.064
14.8,-0.065
14.6,-0.067
14.4,-0.068
14.2,-0.069
14,-0.07
13.8,-0.071
13.6,-0.073
13.4,-0.074
13.2,-0.075
13,-0.076
12.8,-0.077
12.6,-0.078
12.4,-0.079
12.2,-0.08
12,-0.082
11.8,-0.083
11.6,-0.084
11.4,-0.085
11.2,-0.086
11,-0.087
10.8,-0.088
10.6,-0.089
10.4,-0.09
10.2,-0.092
10,-0.093
9.8,-0.094
9.6,-0.095
9.4,-0.096
9.2,-0.098
9,-0.099
8.8,-0.1
8.6,-0.101
8.4,-0.103
8.2,-0.104
8,-0.105
7.8,-0.106
7.6,-0.107
7.4,-0.108
7.2,-0.109
7,-0.11
6.8,-0.111
6.6,-0.112
6.4,-0.114
6.2,-0.115
6,-0.116
5.8,-0.117
5.6,-0.118
5.4,-0.119
5.2,-0.12
5,-0.121
4.8,-0.123
4.6,-0.124
4.4,-0.125
4.2,-0.127
4,-0.128
3.8,-0.129
3.6,-0.13
3.4,-0.132
3.2,-0.133
3,-0.134
2.8,-0.136
2.6,-0.137
2.4,-0.139
2.2,-0.141
2,-0.143
1.8,-0.145
1.6,-0.147
1.4,-0.149
1.2,-0.152
1,-0.155
0.8,-0.158
0.6,-0.161
0.4,-0.165
0.2,-0.168
0,-0.171
-0.2,-0.175
-0.4,-0.18
-0.6,-0.185
-0.8,-0.191
-1,-0.197
-1.2,-0.203
-1.4,-0.209
-1.6,-0.216
-1.8,-0.222
-2,-0.229
-2.2,-0.235
-2.4,-0.241
-2.6,-0.247
-2.8,-0.253
-3,-0.258
-3.2,-0.264
-3.4,-0.269
-3.6,-0.274
-3.8,-0.279
-4,-0.285
-4.2,-0.29
-4.4,-0.295
-4.6,-0.3
-4.8,-0.305
-5,-0.31
-5.2,-0.315
-5.4,-0.32
-5.6,-0.325
-5.8,-0.331
-6,-0.336
-6.2,-0.341
-6.4,-0.346
-6.6,-0.351
-6.8,-0.356
-7,-0.361
-7.2,-0.366
-7.4,-0.371
-7.6,-0.376
-7.8,-0.381
-8,-0.386
-8.2,-0.391
-8.4,-0.396
-8.6,-0.401
-8.8,-0.406
-9,-0.411
-9.2,-0.416
-9.4,-0.421
-9.6,-0.426
-9.8,-0.43
-10,-0.435
-10.2,-0.44
-10.4,-0.447
-10.6,-0.453
-10.8,-0.459
-11,-0.465
-11.2,-0.471
-11.4,-0.476
-11.6,-0.485
-11.8,-0.494
-12,-0.503
-12.2,-0.512
-12.4,-0.521
-12.6,-0.53
-12.8,-0.539
-13,-0.548
-13.2,-0.557
-13.4,-0.566
-13.6,-0.575
-13.8,-0.584
-14,-0.593
-14.2,-0.602
-14.4,-0.612
-14.6,-0.622
-14.8,-0.632
-15,-0.642
-15.2,-0.652
-15.4,-0.662
-15.6,-0.672
-15.8,-0.683
-16,-0.693
-16.2,-0.704
-16.4,-0.716
-16.6,-0.727
-16.8,-0.738
-17,-0.75
-17.2,-0.761
-17.4,-0.773
-17.6,-0.784
-17.8,-0.795
-18,-0.807
-18.2,-0.818
-18.4,-0.83
-18.6,-0.841
-18.8,-0.857
-19,-0.874
-19.2,-0.896
-19.4,-0.918
-19.6,-0.94
-19.8,-0.96
-20,-0.98
-20.2,-0.999
-20.4,-1.018
-20.6,-1.038
-20.8,-1.057
-21,-1.076
-21.2,-1.095
-21.4,-1.115
-21.6,-1.134
-21.8,-1.153
-22,-1.173
-22.2,-1.197
-22.4,-1.231
-22.6,-1.265
-22.8,-1.299
-23,-1.333
-23.2,-1.367
-23.4,-1.401
-23.6,-1.434
-23.8,-1.481
-24,-1.527
-24.2,-1.581
-24.4,-1.625
-24.6,-1.651
-24.8,-1.665
-25,-1.673
-25.2,-1.673
-25.4,-1.666
-25.6,-1.659
-25.8,-1.651
-26,-1.64
-26.2,-1.628
-26.4,-1.617
-26.6,-1.605
-26.8,-1.593
-27,-1.581
-27.2,-1.569
-27.4,-1.556
-27.6,-1.544
-27.8,-1.532
-28,-1.52
-28.2,-1.509
-28.4,-1.498
-28.6,-1.489
-28.8,-1.479
-29,-1.469
-29.2,-1.46
-29.4,-1.451
-29.6,-1.442
-29.8,-1.434
-30,-1.425
-30.2,-1.416
-30.4,-1.408
-30.6,-1.399
-30.8,-1.391
-31,-1.382
-31.2,-1.371
-31.4,-1.36
-31.6,-1.35
-31.8,-1.34
-32,-1.331
-32.2,-1.321
-32.4,-1.312
-32.6,-1.303
-32.8,-1.294
-33,-1.285
-33.2,-1.276
-33.4,-1.268
-33.6,-1.26
-33.8,-1.252
-34,-1.244
-34.2,-1.236
-34.4,-1.229
-34.6,-1.221
-34.8,-1.214
-35,-1.206
-35.2,-1.199
-35.4,-1.193
-35.6,-1.186
-35.8,-1.178
-36,-1.171
-35.8,-1.054
-35.6,-0.949
-35.4,-0.849
-35.2,-0.758
-35,-0.673
-34.8,-0.601
-34.6,-0.539
-34.4,-0.49
-34.2,-0.462
-34,-0.436
-33.8,-0.409
-33.6,-0.383
-33.4,-0.358
-33.2,-0.334
-33,-0.31
-32.8,-0.287
-32.6,-0.263
-32.4,-0.242
-32.2,-0.221
-32,-0.204
-31.8,-0.191
-31.6,-0.179
-31.4,-0.166
-31.2,-0.154
-31,-0.141
-30.8,-0.13
-30.6,-0.12
-30.4,-0.111
-30.2,-0.102
-30,-0.092
-29.8,-0.083
-29.6,-0.075
-29.4,-0.069
-29.2,-0.064
-29,-0.059
-28.8,-0.054
-28.6,-0.049
-28.4,-0.044
-28.2,-0.039
-28,-0.034
-27.8,-0.03
-27.6,-0.026
-27.4,-0.024
-27.2,-0.021
-27,-0.018
-26.8,-0.015
-26.6,-0.013
-26.4,-0.012
-26.2,-0.01
-26,-0.009
-25.8,-0.007
-25.6,-0.006
-25.4,-0.004
-25.2,-0.003
-25,-0.001
-24.8,0
-24.6,0.002
-24.4,0.003
-24.2,0.005
-24,0.006
-23.8,0.008
-23.6,0.009
-23.4,0.011
-23.2,0.013
-23,0.014
-22.8,0.015
-22.6,0.016
-22.4,0.018
-22.2,0.019
-22,0.02
-21.8,0.021
-21.6,0.022
-21.4,0.023
-21.2,0.024
-21,0.025
-20.8,0.027
-20.6,0.028
-20.4,0.029
-20.2,0.03
-20,0.031
-19.8,0.032
-19.6,0.033
-19.4,0.034
-19.2,0.036
-19,0.037
-18.8,0.038
-18.6,0.039
-18.4,0.04
-18.2,0.041
-18,0.042
-17.8,0.043
-17.6,0.045
-17.4,0.046
-17.2,0.047
-17,0.048
-16.8,0.049
-16.6,0.05
-16.4,0.051
-16.2,0.052
-16,0.054
-15.8,0.055
-15.6,0.056
-15.4,0.057
-15.2,0.058
-15,0.059
-14.8,0.06
-14.6,0.061
-14.4,0.062
-14.2,0.063
-14,0.064
-13.8,0.065
-13.6,0.066
-13.4,0.067
-13.2,0.068
-13,0.07
-12.8,0.071
-12.6,0.072
-12.4,0.074
-12.2,0.075
-12,0.076
-11.8,0.078
-11.6,0.079
-11.4,0.08
-11.2,0.082
-11,0.083
-10.8,0.084
-10.6,0.085
-10.4,0.087
-10.2,0.088
-10,0.089
-9.8,0.091
-9.6,0.092
-9.4,0.093
-9.2,0.094
-9,0.096
-8.8,0.097
-8.6,0.098
-8.4,0.099
-8.2,0.1
-8,0.101
-7.8,0.103
-7.6,0.104
-7.4,0.105
-7.2,0.106
-7,0.107
-6.8,0.108
-6.6,0.108
-6.4,0.109
-6.2,0.11
-6,0.111
-5.8,0.112
-5.6,0.113
-5.4,0.114
-5.2,0.114
-5,0.115
-4.8,0.116
-4.6,0.117
-4.4,0.118
-4.2,0.119
-4,0.12
-3.8,0.121
-3.6,0.122
-3.4,0.123
-3.2,0.124
-3,0.125
-2.8,0.126
-2.6,0.127
-2.4,0.128
-2.2,0.129
-2,0.13
-1.8,0.131
-1.6,0.132
-1.4,0.133
-1.2,0.134
-1,0.135
-0.8,0.136
-0.6,0.137
-0.4,0.138
-0.2,0.139
0,0.14
0.2,0.141
0.4,0.142
0.6,0.143
0.8,0.144
1,0.145
1.2,0.146
1.4,0.147
1.6,0.148
1.8,0.149
2,0.15
2.2,0.151
2.4,0.152
2.6,0.153
2.8,0.154
3,0.155
3.2,0.156
3.4,0.157
3.6,0.158
3.8,0.159
4,0.161
4.2,0.162
4.4,0.163
4.6,0.165
4.8,0.166
5,0.167
5.2,0.169
5.4,0.17
5.6,0.171
5.8,0.173
6,0.174
6.2,0.175
6.4,0.177
6.6,0.178
6.8,0.179
7,0.181
7.2,0.182
7.4,0.184
7.6,0.185
7.8,0.187
8,0.188
8.2,0.19
8.4,0.191
8.6,0.193
8.8,0.194
9,0.195
9.2,0.197
9.4,0.198
9.6,0.2
9.8,0.201
10,0.203
10.2,0.204
10.4,0.206
10.6,0.209
10.8,0.211
11,0.213
11.2,0.216
11.4,0.218
11.6,0.221
11.8,0.225
12,0.228
12.2,0.231
12.4,0.235
12.6,0.238
12.8,0.241
13,0.244
13.2,0.248
13.4,0.252
13.6,0.258
13.8,0.263
14,0.269
14.2,0.275
14.4,0.281
14.6,0.287
14.8,0.292
15,0.298
15.2,0.304
15.4,0.309
15.6,0.315
15.8,0.321
16,0.326
16.2,0.332
16.4,0.338
16.6,0.343
16.8,0.349
17,0.354
17.2,0.359
17.4,0.363
17.6,0.367
17.8,0.371
18,0.375
18.2,0.379
18.4,0.383
18.6,0.387
18.8,0.392
19,0.397
19.2,0.403
19.4,0.409
19.6,0.417
19.8,0.424
20,0.431
20.2,0.438
20.4,0.444
20.6,0.451
20.8,0.458
21,0.465
21.2,0.472
21.4,0.479
21.6,0.486
21.8,0.493
22,0.499
22.2,0.506
22.4,0.513
22.6,0.52
22.8,0.527
23,0.534
23.2,0.541
23.4,0.548
23.6,0.554
23.8,0.561
24,0.568
24.2,0.575
24.4,0.582
24.6,0.589
24.8,0.595
25,0.602
25.2,0.609
25.4,0.616
25.6,0.623
25.8,0.63
26,0.637
26.2,0.643
26.4,0.65
26.6,0.657
26.8,0.664
27,0.671
27.2,0.681
27.4,0.69
27.6,0.703
27.8,0.715
28,0.727
28.2,0.739
28.4,0.752
28.6,0.764
28.8,0.776
29,0.788
29.2,0.801
29.4,0.813
29.6,0.825
29.8,0.837
30,0.85
30.2,0.862
30.4,0.874
30.6,0.886
30.8,0.899
31,0.912
31.2,0.926
31.4,0.939
31.6,0.953
31.8,0.965
32,0.973
32.2,0.985
32.4,0.991
32.6,0.994
32.8,0.99
33,0.985
33.2,0.993
33.4,0.987
33.6,0.981
33.8,0.975
34,0.969
34.2,0.964
34.4,0.959
34.6,0.953
34.8,0.947
35,0.942
35.2,0.937
35.4,0.932
35.6,0.927
35.8,0.923
36,0.918
35.8,0.814
35.6,0.726
35.4,0.64
35.2,0.561
35,0.491
34.8,0.43
34.6,0.383
34.4,0.343
34.2,0.308
34,0.282
33.8,0.262
33.6,0.246
33.4,0.231
33.2,0.221
33,0.212
32.8,0.202
32.6,0.192
32.4,0.182
32.2,0.173
32,0.164
31.8,0.154
31.6,0.145
31.4,0.135
31.2,0.126
31,0.116
30.8,0.107
30.6,0.098
30.4,0.091
30.2,0.084
30,0.077
29.8,0.07
29.6,0.065
29.4,0.061
29.2,0.056
29,0.052
28.8,0.047
28.6,0.043
28.4,0.038
28.2,0.034
28,0.03
27.8,0.026
27.6,0.022
27.4,0.019
27.2,0.016
27,0.013
26.8,0.01
26.6,0.007
26.4,0.004
26.2,0.001
26,-0.001
25.8,-0.003
25.6,-0.006
25.4,-0.008
25.2,-0.01
25,-0.012
24.8,-0.014
24.6,-0.016
24.4,-0.019
24.2,-0.02
24,-0.022
23.8,-0.023
23.6,-0.025
23.4,-0.026
23.2,-0.028
23,-0.029
22.8,-0.031
22.6,-0.033
22.4,-0.034
22.2,-0.036
22,-0.037
21.8,-0.039
21.6,-0.04
21.4,-0.041
21.2,-0.042
21,-0.044
20.8,-0.045
20.6,-0.046
20.4,-0.047
20.2,-0.048
20,-0.049
19.8,-0.05
19.6,-0.051
19.4,-0.053
19.2,-0.054
19,-0.055
18.8,-0.056
18.6,-0.057
18.4,-0.058
18.2,-0.059
18,-0.06
17.8,-0.062
17.6,-0.063
17.4,-0.064
17.2,-0.065
17,-0.066
16.8,-0.067
16.6,-0.068
16.4,-0.07
16.2,-0.071
16,-0.072
15.8,-0.073
15.6,-0.074
15.4,-0.075
15.2,-0.076
15,-0.077
14.8,-0.078
14.6,-0.078
14.4,-0.079
14.2,-0.08
14,-0.081
13.8,-0.082
13.6,-0.083
13.4,-0.084
13.2,-0.085
13,-0.086
12.8,-0.087
12.6,-0.088
12.4,-0.089
12.2,-0.09
12,-0.091
11.8,-0.092
11.6,-0.092
11.4,-0.093
11.2,-0.094
11,-0.095
10.8,-0.095
10.6,-0.096
10.4,-0.097
10.2,-0.097
10,-0.098
9.8,-0.099
9.6,-0.099
9.4,-0.1
9.2,-0.101
9,-0.102
8.8,-0.102
8.6,-0.103
8.4,-0.104
8.2,-0.105
8,-0.105
7.8,-0.106
7.6,-0.107
7.4,-0.108
7.2,-0.108
7,-0.109
6.8,-0.11
6.6,-0.111
6.4,-0.112
6.2,-0.112
6,-0.113
5.8,-0.114
5.6,-0.115
5.4,-0.116
5.2,-0.117
5,-0.119
4.8,-0.12
4.6,-0.121
4.4,-0.122
4.2,-0.123
4,-0.124
3.8,-0.126
3.6,-0.127
3.4,-0.128
3.2,-0.129
3,-0.13
2.8,-0.132
2.6,-0.133
2.4,-0.134
2.2,-0.135
2,-0.136
1.8,-0.138
1.6,-0.139
1.4,-0.14
1.2,-0.141
1,-0.142
0.8,-0.144
0.6,-0.145
0.4,-0.146
0.2,-0.147
0,-0.148
-0.2,-0.149
-0.4,-0.151
-0.6,-0.152
-0.8,-0.154
-1,-0.155
-1.2,-0.157
-1.4,-0.158
-1.6,-0.16
-1.8,-0.161
-2,-0.163
-2.2,-0.164
-2.4,-0.166
-2.6,-0.167
-2.8,-0.169
-3,-0.17
-3.2,-0.172
-3.4,-0.173
-3.6,-0.174
-3.8,-0.176
-4,-0.177
-4.2,-0.178
-4.4,-0.18
-4.6,-0.181
-4.8,-0.182
-5,-0.184
-5.2,-0.185
-5.4,-0.186
-5.6,-0.188
-5.8,-0.189
-6,-0.19
-6.2,-0.192
-6.4,-0.193
-6.6,-0.194
-6.8,-0.196
-7,-0.197
-7.2,-0.198
-7.4,-0.2
-7.6,-0.201
-7.8,-0.202
-8,-0.204
-8.2,-0.205
-8.4,-0.206
-8.6,-0.208
-8.8,-0.209
-9,-0.21
-9.2,-0.211
-9.4,-0.213
-9.6,-0.214
-9.8,-0.215
-10,-0.217
-10.2,-0.218
-10.4,-0.219
-10.6,-0.221
-10.8,-0.222
-11,-0.223
-11.2,-0.225
-11.4,-0.226
-11.6,-0.227
-11.8,-0.229
-12,-0.23
-12.2,-0.231
-12.4,-0.233
-12.6,-0.234
-12.8,-0.235
-13,-0.237
-13.2,-0.238
-13.4,-0.239
-13.6,-0.241
-13.8,-0.242
-14,-0.244
-14.2,-0.245
-14.4,-0.247
-14.6,-0.248
-14.8,-0.249
-15,-0.251
-15.2,-0.252
-15.4,-0.254
-15.6,-0.255
-15.8,-0.257
-16,-0.258
-16.2,-0.259
-16.4,-0.261
-16.6,-0.262
-16.8,-0.264
-17,-0.265
-17.2,-0.267
-17.4,-0.268
-17.6,-0.27
-17.8,-0.271
-18,-0.273
-18.2,-0.274
-18.4,-0.276
-18.6,-0.278
-18.8,-0.279
-19,-0.281
-19.2,-0.283
-19.4,-0.285
-19.6,-0.288
-19.8,-0.291
-20,-0.294
-20.2,-0.299
-20.4,-0.303
-20.6,-0.308
-20.8,-0.312
-21,-0.316
-21.2,-0.323
-21.4,-0.33
-21.6,-0.336
-21.8,-0.344
-22,-0.352
-22.2,-0.36
-22.4,-0.367
-22.6,-0.375
-22.8,-0.383
-23,-0.39
-23.2,-0.398
-23.4,-0.406
-23.6,-0.413
-23.8,-0.421
-24,-0.429
-24.2,-0.436
-24.4,-0.444
-24.6,-0.451
-24.8,-0.459
-25,-0.466
-25.2,-0.474
-25.4,-0.481
-25.6,-0.493
-25.8,-0.505
-26,-0.517
-26.2,-0.528
-26.4,-0.54
-26.6,-0.552
-26.8,-0.563
-27,-0.576
-27.2,-0.59
-27.4,-0.605
-27.6,-0.619
-27.8,-0.633
-28,-0.646
-28.2,-0.658
-28.4,-0.67
-28.6,-0.681
-28.8,-0.691
-29,-0.702
-29.2,-0.713
-29.4,-0.724
-29.6,-0.735
-29.8,-0.745
-30,-0.756
-30.2,-0.768
-30.4,-0.782
-30.6,-0.796
-30.8,-0.809
-31,-0.823
-31.2,-0.836
-31.4,-0.85
-31.6,-0.863
-31.8,-0.877
-32,-0.89
-32.2,-0.904
-32.4,-0.917
-32.6,-0.931
-32.8,-0.944
-33,-0.96
-33.2,-0.975
-33.4,-0.992
-33.6,-1.002
-33.8,-1.015
-34,-1.022
-34.2,-1.02
-34.4,-1.027
-34.6,-1.023
-34.8,-1.019
-35,-1.016
-35.2,-1.013
-35.4,-1.009
-35.6,-1.004
-35.8,-1
-36,-0.995
-35.8,-0.878
-35.6,-0.774
-35.4,-0.676
-35.2,-0.59
-35,-0.519
-34.8,-0.459
-34.6,-0.416
-34.4,-0.376
-34.2,-0.342
-34,-0.317
-33.8,-0.295
-33.6,-0.274
-33.4,-0.253
-33.2,-0.233
-33,-0.221
-32.8,-0.212
-32.6,-0.202
-32.4,-0.193
-32.2,-0.183
-32,-0.174
-31.8,-0.165
-31.6,-0.155
-31.4,-0.146
-31.2,-0.136
-31,-0.127
-30.8,-0.117
-30.6,-0.108
-30.4,-0.098
-30.2,-0.089
-30,-0.08
-29.8,-0.071
-29.6,-0.067
-29.4,-0.062
-29.2,-0.058
-29,-0.054
-28.8,-0.049
-28.6,-0.045
-28.4,-0.041
-28.2,-0.037
-28,-0.033
-27.8,-0.03
-27.6,-0.026
-27.4,-0.024
-27.2,-0.021
-27,-0.018
-26.8,-0.015
-26.6,-0.012
-26.4,-0.009
-26.2,-0.007
-26,-0.005
-25.8,-0.003
-25.6,-0.001
-25.4,0.002
-25.2,0.004
-25,0.006
-24.8,0.007
-24.6,0.009
-24.4,0.01
-24.2,0.012
-24,0.013
-23.8,0.015
-23.6,0.016
-23.4,0.018
-23.2,0.019
-23,0.021
-22.8,0.023
-22.6,0.024
-22.4,0.026
-22.2,0.027
-22,0.029
-21.8,0.03
-21.6,0.031
-21.4,0.032
-21.2,0.033
-21,0.035
-20.8,0.036
-20.6,0.037
-20.4,0.038
-20.2,0.039
-20,0.04
-19.8,0.041
-19.6,0.042
-19.4,0.044
-19.2,0.045
-19,0.046
-18.8,0.047
-18.6,0.048
-18.4,0.049
-18.2,0.05
-18,0.052
-17.8,0.053
-17.6,0.054
-17.4,0.055
-17.2,0.056
-17,0.057
-16.8,0.058
-16.6,0.059
-16.4,0.061
-16.2,0.062
-16,0.063
-15.8,0.064
-15.6,0.065
-15.4,0.066
-15.2,0.067
-15,0.069
-14.8,0.07
-14.6,0.071
-14.4,0.072
-14.2,0.073
-14,0.074
-13.8,0.074
-13.6,0.075
-13.4,0.076
-13.2,0.077
-13,0.078
-12.8,0.079
-12.6,0.08
-12.4,0.081
-12.2,0.082
-12,0.083
-11.8,0.084
-11.6,0.085
-11.4,0.086
-11.2,0.087
-11,0.088
-10.8,0.089
-10.6,0.09
-10.4,0.091
-10.2,0.092
-10,0.093
-9.8,0.093
-9.6,0.094
-9.4,0.095
-9.2,0.096
-9,0.097
-8.8,0.097
-8.6,0.098
-8.4,0.099
-8.2,0.099
-8,0.1
-7.8,0.101
-7.6,0.101
-7.4,0.102
-7.2,0.103
-7,0.104
-6.8,0.104
-6.6,0.105
-6.4,0.106
-6.2,0.107
-6,0.107
-5.8,0.108
-5.6,0.109
-5.4,0.11
-5.2,0.11
-5,0.111
-4.8,0.112
-4.6,0.113
-4.4,0.114
-4.2,0.115
-4,0.115
-3.8,0.116
-3.6,0.117
-3.4,0.118
-3.2,0.119
-3,0.12
-2.8,0.121
-2.6,0.122
-2.4,0.122
-2.2,0.123
-2,0.124
-1.8,0.125
-1.6,0.126
-1.4,0.127
-1.2,0.128
-1,0.129
-0.8,0.131
-0.6,0.132
-0.4,0.133
-0.2,0.134
0,0.135
