Disp(mm)  Force(kN)
0,0
0.2,0.189
0.4,0.365
0.6,0.514
0.8,0.63
1,0.726
1.2,0.812
1.4,0.892
1.6,0.966
1.8,1.034
2,1.097
2.2,1.154
2.4,1.207
2.6,1.251
2.8,1.288
3,1.322
3.2,1.354
3.4,1.383
3.6,1.411
3.8,1.438
4,1.463
4.2,1.487
4.4,1.51
4.6,1.532
4.8,1.553
5,1.573
5.2,1.593
5.4,1.612
5.6,1.63
5.8,1.648
6,1.665
6.2,1.682
6.4,1.699
6.6,1.715
6.8,1.731
7,1.746
7.2,1.762
7.4,1.776
7.6,1.791
7.8,1.806
8,1.82
7.8,1.625
7.6,1.429
7.4,1.234
7.2,1.04
7,0.853
6.8,0.684
6.6,0.528
6.4,0.384
6.2,0.245
6,0.124
5.8,0.034
5.6,-0.025
5.4,-0.059
5.2,-0.074
5,-0.082
4.8,-0.089
4.6,-0.098
4.4,-0.106
4.2,-0.116
4,-0.13
3.8,-0.146
3.6,-0.162
3.4,-0.181
3.2,-0.202
3,-0.222
2.8,-0.242
2.6,-0.265
2.4,-0.289
2.2,-0.31
2,-0.327
1.8,-0.34
1.6,-0.356
1.4,-0.374
1.2,-0.39
1,-0.413
0.8,-0.439
0.6,-0.473
0.4,-0.505
0.2,-0.541
0,-0.604
-0.2,-0.669
-0.4,-0.745
-0.6,-0.814
-0.8,-0.878
-1,-0.938
-1.2,-0.993
-1.4,-1.044
-1.6,-1.092
-1.8,-1.136
-2,-1.177
-2.2,-1.216
-2.4,-1.252
-2.6,-1.286
-2.8,-1.318
-3,-1.349
-3.2,-1.377
-3.4,-1.405
-3.6,-1.43
-3.8,-1.455
-4,-1.479
-3.8,-1.285
-3.6,-1.09
-3.4,-0.895
-3.2,-0.702
-3,-0.519
-2.8,-0.353
-2.6,-0.198
-2.4,-0.052
-2.2,0.048
-2,0.097
-1.8,0.117
-1.6,0.122
-1.4,0.129
-1.2,0.134
-1,0.139
-0.8,0.147
-0.6,0.153
-0.4,0.158
-0.2,0.163
0,0.168
0.2,0.175
0.4,0.192
0.6,0.209
0.8,0.226
1,0.247
1.2,0.267
1.4,0.29
1.6,0.313
1.8,0.334
2,0.355
2.2,0.375
2.4,0.4
2.6,0.425
2.8,0.453
3,0.48
3.2,0.502
3.4,0.524
3.6,0.546
3.8,0.566
4,0.593
4.2,0.62
4.4,0.647
4.6,0.673
4.8,0.698
5,0.724
5.2,0.758
5.4,0.788
5.6,0.841
5.8,0.899
6,0.958
6.2,1.016
6.4,1.093
6.6,1.171
6.8,1.249
7,1.325
7.2,1.399
7.4,1.473
7.6,1.547
7.8,1.619
8,1.69
7.8,1.496
7.6,1.303
7.4,1.11
7.2,0.919
7,0.736
6.8,0.568
6.6,0.411
6.4,0.272
6.2,0.163
6,0.079
5.8,0.019
5.6,-0.024
5.4,-0.062
5.2,-0.08
5,-0.087
4.8,-0.095
4.6,-0.102
4.4,-0.109
4.2,-0.115
4,-0.12
3.8,-0.125
3.6,-0.129
3.4,-0.136
3.2,-0.148
3,-0.163
2.8,-0.177
2.6,-0.19
2.4,-0.21
2.2,-0.229
2,-0.247
1.8,-0.268
1.6,-0.288
1.4,-0.307
1.2,-0.324
1,-0.338
0.8,-0.351
0.6,-0.364
0.4,-0.377
0.2,-0.388
0,-0.399
-0.2,-0.41
-0.4,-0.43
-0.6,-0.449
-0.8,-0.477
-1,-0.503
-1.2,-0.529
-1.4,-0.555
-1.6,-0.579
-1.8,-0.61
-2,-0.64
-2.2,-0.706
-2.4,-0.772
-2.6,-0.85
-2.8,-0.939
-3,-1.028
-3.2,-1.117
-3.4,-1.206
-3.6,-1.295
-3.8,-1.382
-4,-1.466
-3.8,-1.272
-3.6,-1.079
-3.4,-0.886
-3.2,-0.695
-3,-0.512
-2.8,-0.343
-2.6,-0.188
-2.4,-0.051
-2.2,0.044
-2,0.096
-1.8,0.115
-1.6,0.119
-1.4,0.123
-1.2,0.128
-1,0.132
-0.8,0.136
-0.6,0.142
-0.4,0.149
-0.2,0.154
0,0.16
0.2,0.164
0.4,0.174
0.6,0.191
0.8,0.208
1,0.225
1.2,0.246
1.4,0.266
1.6,0.29
1.8,0.313
2,0.335
2.2,0.358
2.4,0.379
2.6,0.406
2.8,0.433
3,0.455
3.2,0.48
3.4,0.502
3.6,0.524
3.8,0.545
4,0.565
4.2,0.585
4.4,0.612
4.6,0.638
4.8,0.664
5,0.689
5.2,0.714
5.4,0.739
5.6,0.771
5.8,0.801
6,0.852
6.2,0.91
6.4,0.968
6.6,1.025
6.8,1.102
7,1.179
7.2,1.255
7.4,1.332
7.6,1.406
7.8,1.479
8,1.551
7.8,1.357
7.6,1.163
7.4,0.97
7.2,0.779
7,0.597
6.8,0.434
6.6,0.305
6.4,0.194
6.2,0.124
6,0.067
5.8,0.023
5.6,-0.02
5.4,-0.06
5.2,-0.082
5,-0.089
4.8,-0.095
4.6,-0.103
4.4,-0.109
4.2,-0.113
4,-0.117
3.8,-0.122
3.6,-0.126
3.4,-0.13
3.2,-0.137
3,-0.151
2.8,-0.165
2.6,-0.178
2.4,-0.192
2.2,-0.212
2,-0.232
1.8,-0.254
1.6,-0.274
1.4,-0.295
1.2,-0.314
1,-0.331
0.8,-0.347
0.6,-0.36
0.4,-0.373
0.2,-0.386
0,-0.397
-0.2,-0.408
-0.4,-0.429
-0.6,-0.448
-0.8,-0.476
-1,-0.503
-1.2,-0.529
-1.4,-0.555
-1.6,-0.58
-1.8,-0.612
-2,-0.642
-2.2,-0.708
-2.4,-0.774
-2.6,-0.84
-2.8,-0.929
-3,-1.018
-3.2,-1.107
-3.4,-1.196
-3.6,-1.285
-3.8,-1.371
-4,-1.452
-3.8,-1.258
-3.6,-1.065
-3.4,-0.872
-3.2,-0.681
-3,-0.498
-2.8,-0.329
-2.6,-0.178
-2.4,-0.049
-2.2,0.046
-2,0.097
-1.8,0.115
-1.6,0.119
-1.4,0.123
-1.2,0.128
-1,0.132
-0.8,0.136
-0.6,0.139
-0.4,0.146
-0.2,0.152
0,0.157
0.2,0.162
0.4,0.17
0.6,0.186
0.8,0.203
1,0.22
1.2,0.24
1.4,0.261
1.6,0.284
1.8,0.308
2,0.33
1.8,0.269
1.6,0.207
1.4,0.148
1.2,0.09
1,0.036
0.8,-0.005
0.6,-0.037
0.4,-0.063
0.2,-0.084
0,-0.104
-0.2,-0.118
-0.4,-0.129
-0.6,-0.139
-0.8,-0.15
-1,-0.164
-0.8,-0.115
-0.6,-0.078
-0.4,-0.042
-0.2,-0.009
0,0.019
0.2,0.056
0.4,0.096
0.6,0.138
0.8,0.171
1,0.201
1.2,0.231
1.4,0.257
1.6,0.284
1.8,0.31
2,0.335
1.8,0.273
1.6,0.211
1.4,0.15
1.2,0.093
1,0.039
0.8,-0.004
0.6,-0.036
0.4,-0.064
0.2,-0.085
0,-0.109
-0.2,-0.122
-0.4,-0.133
-0.6,-0.144
-0.8,-0.154
-1,-0.167
-0.8,-0.119
-0.6,-0.08
-0.4,-0.044
-0.2,-0.007
0,0.022
0.2,0.059
0.4,0.098
0.6,0.14
0.8,0.172
1,0.202
1.2,0.232
1.4,0.258
1.6,0.284
1.8,0.31
2,0.336
1.8,0.274
1.6,0.212
1.4,0.151
1.2,0.093
1,0.04
0.8,-0.004
0.6,-0.035
0.4,-0.064
0.2,-0.085
0,-0.109
-0.2,-0.123
-0.4,-0.134
-0.6,-0.146
-0.8,-0.155
-1,-0.169
-0.8,-0.12
-0.6,-0.08
-0.4,-0.044
-0.2,-0.007
0,0.022
0.2,0.059
0.4,0.099
0.6,0.14
0.8,0.172
1,0.202
1.2,0.231
1.4,0.257
1.6,0.284
1.8,0.31
2,0.336
2.2,0.359
2.4,0.381
2.6,0.41
2.8,0.437
3,0.457
3.2,0.475
3.4,0.496
3.6,0.518
3.8,0.539
4,0.558
3.8,0.467
3.6,0.375
3.4,0.293
3.2,0.221
3,0.152
2.8,0.097
2.6,0.049
2.4,0.011
2.2,-0.022
2,-0.048
1.8,-0.067
1.6,-0.083
1.4,-0.098
1.2,-0.11
1,-0.122
0.8,-0.129
0.6,-0.137
0.4,-0.143
0.2,-0.149
0,-0.154
-0.2,-0.16
-0.4,-0.167
-0.6,-0.176
-0.8,-0.185
-1,-0.196
-1.2,-0.218
-1.4,-0.26
-1.6,-0.303
-1.8,-0.362
-2,-0.421
-1.8,-0.31
-1.6,-0.201
-1.4,-0.108
-1.2,-0.037
-1,0.013
-0.8,0.048
-0.6,0.076
-0.4,0.092
-0.2,0.105
0,0.122
0.2,0.135
0.4,0.144
0.6,0.154
0.8,0.164
1,0.169
1.2,0.178
1.4,0.186
1.6,0.202
1.8,0.222
2,0.243
2.2,0.267
2.4,0.291
2.6,0.315
2.8,0.339
3,0.371
3.2,0.404
3.4,0.446
3.6,0.488
3.8,0.529
4,0.565
3.8,0.473
3.6,0.381
3.4,0.298
3.2,0.227
3,0.158
2.8,0.099
2.6,0.05
2.4,0.012
2.2,-0.022
2,-0.048
1.8,-0.068
1.6,-0.085
1.4,-0.1
1.2,-0.112
1,-0.123
0.8,-0.13
0.6,-0.136
0.4,-0.142
0.2,-0.148
0,-0.153
-0.2,-0.16
-0.4,-0.172
-0.6,-0.18
-0.8,-0.189
-1,-0.201
-1.2,-0.243
-1.4,-0.286
-1.6,-0.345
-1.8,-0.404
-2,-0.462
-1.8,-0.352
-1.6,-0.241
-1.4,-0.134
-1.2,-0.058
-1,0.005
-0.8,0.042
-0.6,0.075
-0.4,0.093
-0.2,0.106
0,0.121
0.2,0.134
0.4,0.143
0.6,0.154
0.8,0.164
1,0.17
1.2,0.178
1.4,0.187
1.6,0.202
1.8,0.223
2,0.243
2.2,0.267
2.4,0.291
2.6,0.315
2.8,0.34
3,0.371
3.2,0.409
3.4,0.451
3.6,0.493
3.8,0.534
4,0.571
3.8,0.479
3.6,0.387
3.4,0.299
3.2,0.228
3,0.159
2.8,0.099
2.6,0.051
2.4,0.012
2.2,-0.021
2,-0.048
1.8,-0.069
1.6,-0.086
1.4,-0.102
1.2,-0.113
1,-0.123
0.8,-0.13
0.6,-0.135
0.4,-0.142
0.2,-0.148
0,-0.155
-0.2,-0.165
-0.4,-0.175
-0.6,-0.184
-0.8,-0.193
-1,-0.211
-1.2,-0.254
-1.4,-0.305
-1.6,-0.364
-1.8,-0.423
-2,-0.48
-1.8,-0.37
-1.6,-0.259
-1.4,-0.149
-1.2,-0.067
-1,-0.003
-0.8,0.037
-0.6,0.07
-0.4,0.093
-0.2,0.106
0,0.119
0.2,0.133
0.4,0.143
0.6,0.154
0.8,0.164
1,0.17
1.2,0.179
1.4,0.187
1.6,0.203
1.8,0.223
2,0.244
2.2,0.268
2.4,0.292
2.6,0.316
2.8,0.34
3,0.372
3.2,0.414
3.4,0.457
3.6,0.499
3.8,0.54
4,0.576
4.2,0.595
4.4,0.613
4.6,0.632
4.8,0.658
5,0.684
5.2,0.709
5.4,0.733
5.6,0.758
5.8,0.78
6,0.801
6.2,0.852
6.4,0.903
6.6,0.96
6.8,1.017
7,1.092
7.2,1.168
7.4,1.241
7.6,1.315
7.8,1.386
8,1.457
7.8,1.262
7.6,1.068
7.4,0.874
7.2,0.682
7,0.505
6.8,0.366
6.6,0.262
6.4,0.183
6.2,0.121
6,0.074
5.8,0.031
5.6,-0.012
5.4,-0.052
5.2,-0.079
5,-0.087
4.8,-0.094
4.6,-0.102
4.4,-0.108
4.2,-0.114
4,-0.118
3.8,-0.123
3.6,-0.128
3.4,-0.133
3.2,-0.148
3,-0.163
2.8,-0.176
2.6,-0.19
2.4,-0.204
2.2,-0.223
2,-0.241
1.8,-0.262
1.6,-0.281
1.4,-0.3
1.2,-0.323
1,-0.342
0.8,-0.355
0.6,-0.368
0.4,-0.381
0.2,-0.393
0,-0.404
-0.2,-0.415
-0.4,-0.44
-0.6,-0.468
-0.8,-0.496
-1,-0.523
-1.2,-0.55
-1.4,-0.577
-1.6,-0.602
-1.8,-0.626
-2,-0.67
-2.2,-0.728
-2.4,-0.794
-2.6,-0.86
-2.8,-0.949
-3,-1.037
-3.2,-1.124
-3.4,-1.206
-3.6,-1.286
-3.8,-1.365
-4,-1.438
-3.8,-1.244
-3.6,-1.05
-3.4,-0.857
-3.2,-0.666
-3,-0.483
-2.8,-0.315
-2.6,-0.171
-2.4,-0.047
-2.2,0.046
-2,0.098
-1.8,0.116
-1.6,0.12
-1.4,0.125
-1.2,0.131
-1,0.134
-0.8,0.138
-0.6,0.143
-0.4,0.149
-0.2,0.154
0,0.159
0.2,0.164
0.4,0.17
0.6,0.187
0.8,0.204
1,0.221
1.2,0.24
1.4,0.26
1.6,0.28
1.8,0.303
2,0.326
2.2,0.348
2.4,0.37
2.6,0.397
2.8,0.423
3,0.448
3.2,0.467
3.4,0.489
3.6,0.51
3.8,0.532
4,0.552
4.2,0.572
4.4,0.592
4.6,0.611
4.8,0.629
5,0.655
5.2,0.68
5.4,0.705
5.6,0.73
5.8,0.754
6,0.776
6.2,0.798
6.4,0.826
6.6,0.871
6.8,0.928
7,0.984
7.2,1.055
7.4,1.131
7.6,1.206
7.8,1.281
8,1.352
7.8,1.157
7.6,0.963
7.4,0.769
7.2,0.581
7,0.427
6.8,0.322
6.6,0.246
6.4,0.175
6.2,0.124
6,0.077
5.8,0.032
5.6,-0.011
5.4,-0.053
5.2,-0.082
5,-0.092
4.8,-0.098
4.6,-0.103
4.4,-0.108
4.2,-0.112
4,-0.116
3.8,-0.121
3.6,-0.125
3.4,-0.129
3.2,-0.133
3,-0.139
2.8,-0.153
2.6,-0.167
2.4,-0.181
2.2,-0.196
2,-0.216
1.8,-0.235
1.6,-0.257
1.4,-0.278
1.2,-0.298
1,-0.318
0.8,-0.334
0.6,-0.351
0.4,-0.364
0.2,-0.377
0,-0.39
-0.2,-0.401
-0.4,-0.417
-0.6,-0.438
-0.8,-0.466
-1,-0.493
-1.2,-0.52
-1.4,-0.546
-1.6,-0.572
-1.8,-0.608
-2,-0.64
-2.2,-0.698
-2.4,-0.764
-2.6,-0.83
-2.8,-0.902
-3,-0.991
-3.2,-1.08
-3.4,-1.168
-3.6,-1.256
-3.8,-1.344
-4,-1.425
-3.8,-1.231
-3.6,-1.038
-3.4,-0.845
-3.2,-0.654
-3,-0.471
-2.8,-0.302
-2.6,-0.169
-2.4,-0.049
-2.2,0.047
-2,0.098
-1.8,0.115
-1.6,0.119
-1.4,0.123
-1.2,0.128
-1,0.132
-0.8,0.135
-0.6,0.139
-0.4,0.145
-0.2,0.151
0,0.156
0.2,0.161
0.4,0.166
0.6,0.181
0.8,0.199
1,0.216
1.2,0.236
1.4,0.256
1.6,0.277
1.8,0.3
2,0.323
2.2,0.345
2.4,0.367
2.6,0.39
2.8,0.417
3,0.442
3.2,0.462
3.4,0.478
3.6,0.5
3.8,0.521
4,0.542
4.2,0.562
4.4,0.582
4.6,0.601
4.8,0.619
5,0.638
5.2,0.664
5.4,0.688
5.6,0.713
5.8,0.738
6,0.76
6.2,0.782
6.4,0.804
6.6,0.828
6.8,0.878
7,0.935
7.2,0.99
7.4,1.065
7.6,1.14
7.8,1.215
8,1.29
7.8,1.095
7.6,0.901
7.4,0.707
7.2,0.534
7,0.402
6.8,0.314
6.6,0.238
6.4,0.175
6.2,0.124
6,0.077
5.8,0.032
5.6,-0.012
5.4,-0.052
5.2,-0.082
5,-0.093
4.8,-0.1
4.6,-0.103
4.4,-0.108
4.2,-0.112
4,-0.116
3.8,-0.119
3.6,-0.123
3.4,-0.127
3.2,-0.131
3,-0.135
2.8,-0.149
2.6,-0.162
2.4,-0.176
2.2,-0.19
2,-0.21
1.8,-0.23
1.6,-0.25
1.4,-0.272
1.2,-0.292
1,-0.313
0.8,-0.33
0.6,-0.349
0.4,-0.363
0.2,-0.376
0,-0.389
-0.2,-0.4
-0.4,-0.416
-0.6,-0.437
-0.8,-0.465
-1,-0.492
-1.2,-0.519
-1.4,-0.546
-1.6,-0.572
-1.8,-0.608
-2,-0.641
-2.2,-0.7
-2.4,-0.766
-2.6,-0.832
-2.8,-0.898
-3,-0.987
-3.2,-1.076
-3.4,-1.164
-3.6,-1.252
-3.8,-1.34
-4,-1.419
-3.8,-1.225
-3.6,-1.032
-3.4,-0.839
-3.2,-0.648
-3,-0.465
-2.8,-0.303
-2.6,-0.169
-2.4,-0.049
-2.2,0.047
-2,0.099
-1.8,0.115
-1.6,0.119
-1.4,0.122
-1.2,0.128
-1,0.132
-0.8,0.135
-0.6,0.139
-0.4,0.144
-0.2,0.15
0,0.155
0.2,0.161
0.4,0.165
0.6,0.18
0.8,0.198
1,0.215
1.2,0.232
1.4,0.252
1.6,0.272
1.8,0.296
2,0.319
2.2,0.341
2.4,0.363
2.6,0.385
2.8,0.412
3,0.437
3.2,0.458
3.4,0.473
3.6,0.494
3.8,0.516
4,0.537
4.2,0.557
4.4,0.577
4.6,0.596
4.8,0.615
5,0.633
5.2,0.651
5.4,0.673
5.6,0.698
5.8,0.722
6,0.746
6.2,0.768
6.4,0.79
6.6,0.811
6.8,0.839
7,0.889
7.2,0.945
7.4,1
7.6,1.075
7.8,1.15
8,1.224
8.2,1.298
8.4,1.367
8.6,1.436
8.8,1.505
9,1.574
9.2,1.642
9.4,1.709
9.6,1.776
9.8,1.842
10,1.9
10.2,1.937
10.4,1.962
10.6,1.982
10.8,1.994
11,2.005
11.2,2.016
11.4,2.027
11.6,2.038
11.8,2.048
12,2.058
12.2,2.068
12.4,2.078
12.6,2.086
12.8,2.093
13,2.1
13.2,2.106
13.4,2.112
13.6,2.118
13.8,2.123
14,2.128
14.2,2.132
14.4,2.137
14.6,2.141
14.8,2.144
15,2.148
15.2,2.15
15.4,2.153
15.6,2.156
15.8,2.157
16,2.157
15.8,1.964
15.6,1.77
15.4,1.578
15.2,1.386
15,1.201
14.8,1.031
14.6,0.871
14.4,0.721
14.2,0.593
14,0.472
13.8,0.376
13.6,0.296
13.4,0.216
13.2,0.144
13,0.102
12.8,0.065
12.6,0.038
12.4,0.017
12.2,0.001
12,-0.01
11.8,-0.021
11.6,-0.028
11.4,-0.033
11.2,-0.038
11,-0.041
10.8,-0.043
10.6,-0.045
10.4,-0.047
10.2,-0.05
10,-0.053
9.8,-0.055
9.6,-0.058
9.4,-0.061
9.2,-0.068
9,-0.08
8.8,-0.091
8.6,-0.102
8.4,-0.112
8.2,-0.122
8,-0.131
7.8,-0.137
7.6,-0.146
7.4,-0.154
7.2,-0.162
7,-0.169
6.8,-0.176
6.6,-0.183
6.4,-0.19
6.2,-0.197
6,-0.203
5.8,-0.209
5.6,-0.215
5.4,-0.221
5.2,-0.227
5,-0.233
4.8,-0.239
4.6,-0.245
4.4,-0.251
4.2,-0.257
4,-0.263
3.8,-0.27
3.6,-0.279
3.4,-0.287
3.2,-0.295
3,-0.304
2.8,-0.312
2.6,-0.32
2.4,-0.328
2.2,-0.336
2,-0.344
1.8,-0.353
1.6,-0.363
1.4,-0.372
1.2,-0.381
1,-0.39
0.8,-0.399
0.6,-0.408
0.4,-0.417
0.2,-0.43
0,-0.446
-0.2,-0.462
-0.4,-0.478
-0.6,-0.5
-0.8,-0.521
-1,-0.543
-1.2,-0.564
-1.4,-0.585
-1.6,-0.606
-1.8,-0.663
-2,-0.72
-2.2,-0.778
-2.4,-0.835
-2.6,-0.9
-2.8,-0.982
-3,-1.069
-3.2,-1.156
-3.4,-1.24
-3.6,-1.321
-3.8,-1.384
-4,-1.443
-4.2,-1.488
-4.4,-1.532
-4.6,-1.558
-4.8,-1.577
-5,-1.595
-5.2,-1.613
-5.4,-1.631
-5.6,-1.648
-5.8,-1.664
-6,-1.681
-6.2,-1.696
-6.4,-1.712
-6.6,-1.727
-6.8,-1.742
-7,-1.757
-7.2,-1.771
-7.4,-1.786
-7.6,-1.8
-7.8,-1.813
-8,-1.827
-7.8,-1.634
-7.6,-1.44
-7.4,-1.246
-7.2,-1.055
-7,-0.872
-6.8,-0.701
-6.6,-0.544
-6.4,-0.393
-6.2,-0.252
-6,-0.129
-5.8,-0.038
-5.6,0.018
-5.4,0.055
-5.2,0.072
-5,0.079
-4.8,0.085
-4.6,0.09
-4.4,0.097
-4.2,0.103
-4,0.106
-3.8,0.109
-3.6,0.112
-3.4,0.114
-3.2,0.117
-3,0.119
-2.8,0.121
-2.6,0.124
-2.4,0.127
-2.2,0.13
-2,0.137
-1.8,0.144
-1.6,0.152
-1.4,0.16
-1.2,0.17
-1,0.18
-0.8,0.19
-0.6,0.199
-0.4,0.208
-0.2,0.218
0,0.235
0.2,0.25
0.4,0.266
0.6,0.281
0.8,0.296
1,0.31
1.2,0.322
1.4,0.331
1.6,0.339
1.8,0.347
2,0.354
2.2,0.362
2.4,0.369
2.6,0.377
2.8,0.384
3,0.392
3.2,0.4
3.4,0.407
3.6,0.415
3.8,0.423
4,0.43
4.2,0.439
4.4,0.448
4.6,0.456
4.8,0.465
5,0.473
5.2,0.481
5.4,0.49
5.6,0.498
5.8,0.507
6,0.514
6.2,0.522
6.4,0.529
6.6,0.536
6.8,0.543
7,0.55
7.2,0.557
7.4,0.565
7.6,0.573
7.8,0.581
8,0.596
8.2,0.611
8.4,0.626
8.6,0.641
8.8,0.656
9,0.671
9.2,0.686
9.4,0.701
9.6,0.715
9.8,0.73
10,0.744
10.2,0.759
10.4,0.774
10.6,0.788
10.8,0.805
11,0.824
11.2,0.843
11.4,0.862
11.6,0.881
11.8,0.9
12,0.919
12.2,0.946
12.4,0.981
12.6,1.017
12.8,1.053
13,1.088
13.2,1.124
13.4,1.169
13.6,1.213
13.8,1.272
14,1.33
14.2,1.387
14.4,1.448
14.6,1.506
14.8,1.563
15,1.621
15.2,1.678
15.4,1.734
15.6,1.791
15.8,1.847
16,1.904
15.8,1.71
15.6,1.517
15.4,1.326
15.2,1.139
15,0.959
14.8,0.789
14.6,0.642
14.4,0.521
14.2,0.431
14,0.347
13.8,0.27
13.6,0.219
13.4,0.175
13.2,0.132
13,0.095
12.8,0.063
12.6,0.032
12.4,0.01
12.2,-0.01
12,-0.023
11.8,-0.034
11.6,-0.039
11.4,-0.044
11.2,-0.048
11,-0.05
10.8,-0.052
10.6,-0.054
10.4,-0.056
10.2,-0.058
10,-0.06
9.8,-0.063
9.6,-0.066
9.4,-0.068
9.2,-0.071
9,-0.074
8.8,-0.076
8.6,-0.078
8.4,-0.083
8.2,-0.094
8,-0.105
7.8,-0.116
7.6,-0.127
7.4,-0.138
7.2,-0.149
7,-0.158
6.8,-0.167
6.6,-0.172
6.4,-0.178
6.2,-0.183
6,-0.189
5.8,-0.195
5.6,-0.2
5.4,-0.206
5.2,-0.211
5,-0.216
4.8,-0.222
4.6,-0.227
4.4,-0.233
4.2,-0.238
4,-0.243
3.8,-0.249
3.6,-0.254
3.4,-0.26
3.2,-0.267
3,-0.275
2.8,-0.283
2.6,-0.291
2.4,-0.298
2.2,-0.306
2,-0.314
1.8,-0.323
1.6,-0.331
1.4,-0.34
1.2,-0.348
1,-0.356
0.8,-0.365
0.6,-0.373
0.4,-0.382
0.2,-0.39
0,-0.397
-0.2,-0.405
-0.4,-0.413
-0.6,-0.42
-0.8,-0.429
-1,-0.438
-1.2,-0.446
-1.4,-0.455
-1.6,-0.463
-1.8,-0.471
-2,-0.48
-2.2,-0.491
-2.4,-0.507
-2.6,-0.523
-2.8,-0.539
-3,-0.555
-3.2,-0.57
-3.4,-0.586
-3.6,-0.602
-3.8,-0.623
-4,-0.644
-4.2,-0.665
-4.4,-0.686
-4.6,-0.707
-4.8,-0.729
-5,-0.749
-5.2,-0.775
-5.4,-0.826
-5.6,-0.876
-5.8,-0.927
-6,-0.984
-6.2,-1.06
-6.4,-1.136
-6.6,-1.213
-6.8,-1.288
-7,-1.36
-7.2,-1.432
-7.4,-1.5
-7.6,-1.564
-7.8,-1.628
-8,-1.691
-7.8,-1.498
-7.6,-1.307
-7.4,-1.116
-7.2,-0.927
-7,-0.746
-6.8,-0.573
-6.6,-0.413
-6.4,-0.273
-6.2,-0.165
-6,-0.085
-5.8,-0.031
-5.6,0.012
-5.4,0.051
-5.2,0.074
-5,0.08
-4.8,0.086
-4.6,0.092
-4.4,0.097
-4.2,0.1
-4,0.103
-3.8,0.105
-3.6,0.109
-3.4,0.111
-3.2,0.114
-3,0.116
-2.8,0.118
-2.6,0.121
-2.4,0.123
-2.2,0.125
-2,0.127
-1.8,0.129
-1.6,0.132
-1.4,0.134
-1.2,0.14
-1,0.146
-0.8,0.154
-0.6,0.162
-0.4,0.172
-0.2,0.181
0,0.19
0.2,0.2
0.4,0.209
0.6,0.221
0.8,0.234
1,0.247
1.2,0.263
1.4,0.278
1.6,0.293
1.8,0.308
2,0.32
2.2,0.331
2.4,0.34
2.6,0.348
2.8,0.356
3,0.363
3.2,0.371
3.4,0.379
3.6,0.387
3.8,0.395
4,0.402
4.2,0.41
4.4,0.418
4.6,0.425
4.8,0.433
5,0.441
5.2,0.45
5.4,0.458
5.6,0.467
5.8,0.475
6,0.484
6.2,0.492
6.4,0.501
6.6,0.509
6.8,0.518
7,0.526
7.2,0.534
7.4,0.542
7.6,0.551
7.8,0.559
8,0.567
8.2,0.575
8.4,0.585
8.6,0.593
8.8,0.6
9,0.614
9.2,0.629
9.4,0.644
9.6,0.659
9.8,0.674
10,0.688
10.2,0.703
10.4,0.718
10.6,0.733
10.8,0.747
11,0.762
11.2,0.776
11.4,0.791
11.6,0.805
11.8,0.822
12,0.84
12.2,0.859
12.4,0.878
12.6,0.897
12.8,0.915
13,0.933
13.2,0.969
13.4,1.004
13.6,1.039
13.8,1.074
14,1.11
14.2,1.154
14.4,1.213
14.6,1.272
14.8,1.329
15,1.393
15.2,1.457
15.4,1.515
15.6,1.573
15.8,1.63
16,1.687
15.8,1.492
15.6,1.299
15.4,1.107
15.2,0.922
15,0.754
14.8,0.615
14.6,0.51
14.4,0.411
14.2,0.338
14,0.287
13.8,0.244
13.6,0.201
13.4,0.158
13.2,0.127
13,0.095
12.8,0.063
12.6,0.034
12.4,0.01
12.2,-0.01
12,-0.026
11.8,-0.037
11.6,-0.044
11.4,-0.047
11.2,-0.049
11,-0.051
10.8,-0.053
10.6,-0.056
10.4,-0.058
10.2,-0.06
10,-0.062
9.8,-0.064
9.6,-0.066
9.4,-0.068
9.2,-0.07
9,-0.073
8.8,-0.076
8.6,-0.079
8.4,-0.081
8.2,-0.084
8,-0.086
7.8,-0.089
7.6,-0.101
7.4,-0.112
7.2,-0.123
7,-0.133
6.8,-0.144
6.6,-0.153
6.4,-0.16
6.2,-0.167
6,-0.175
5.8,-0.182
5.6,-0.188
5.4,-0.194
5.2,-0.2
5,-0.206
4.8,-0.212
4.6,-0.217
4.4,-0.223
4.2,-0.228
4,-0.234
3.8,-0.239
3.6,-0.245
3.4,-0.25
3.2,-0.255
3,-0.261
2.8,-0.266
2.6,-0.273
2.4,-0.281
2.2,-0.289
2,-0.296
1.8,-0.304
1.6,-0.312
1.4,-0.32
1.2,-0.329
1,-0.337
0.8,-0.346
0.6,-0.355
0.4,-0.363
0.2,-0.372
0,-0.381
-0.2,-0.389
-0.4,-0.397
-0.6,-0.406
-0.8,-0.414
-1,-0.423
-1.2,-0.433
-1.4,-0.444
-1.6,-0.453
-1.8,-0.463
-2,-0.472
-2.2,-0.481
-2.4,-0.49
-2.6,-0.5
-2.8,-0.516
-3,-0.532
-3.2,-0.548
-3.4,-0.564
-3.6,-0.579
-3.8,-0.595
-4,-0.611
-4.2,-0.631
-4.4,-0.652
-4.6,-0.673
-4.8,-0.694
-5,-0.715
-5.2,-0.736
-5.4,-0.757
-5.6,-0.777
-5.8,-0.828
-6,-0.878
-6.2,-0.928
-6.4,-0.984
-6.6,-1.06
-6.8,-1.135
-7,-1.21
-7.2,-1.286
-7.4,-1.36
-7.6,-1.433
-7.8,-1.504
-8,-1.569
-7.8,-1.375
-7.6,-1.184
-7.4,-0.993
-7.2,-0.805
-7,-0.625
-6.8,-0.451
-6.6,-0.32
-6.4,-0.213
-6.2,-0.138
-6,-0.081
-5.8,-0.038
-5.6,0.006
-5.4,0.045
-5.2,0.072
-5,0.08
-4.8,0.086
-4.6,0.092
-4.4,0.096
-4.2,0.099
-4,0.102
-3.8,0.104
-3.6,0.106
-3.4,0.109
-3.2,0.111
-3,0.114
-2.8,0.116
-2.6,0.118
-2.4,0.12
-2.2,0.122
-2,0.124
-1.8,0.126
-1.6,0.128
-1.4,0.13
-1.2,0.132
-1,0.134
-0.8,0.14
-0.6,0.146
-0.4,0.154
-0.2,0.162
0,0.171
0.2,0.181
0.4,0.19
0.6,0.2
0.8,0.209
1,0.219
1.2,0.232
1.4,0.245
1.6,0.258
1.8,0.271
2,0.286
2.2,0.3
2.4,0.314
2.6,0.326
2.8,0.336
3,0.344
3.2,0.352
3.4,0.36
3.6,0.368
3.8,0.375
4,0.383
4.2,0.39
4.4,0.398
4.6,0.406
4.8,0.414
5,0.422
5.2,0.43
5.4,0.437
5.6,0.445
5.8,0.453
6,0.461
6.2,0.47
6.4,0.479
6.6,0.487
6.8,0.496
7,0.504
7.2,0.513
7.4,0.521
7.6,0.529
7.8,0.538
8,0.546
8.2,0.554
8.4,0.562
8.6,0.571
8.8,0.579
9,0.587
9.2,0.595
9.4,0.605
9.6,0.614
9.8,0.625
10,0.641
10.2,0.656
10.4,0.671
10.6,0.685
10.8,0.7
11,0.714
11.2,0.729
11.4,0.743
11.6,0.758
11.8,0.773
12,0.787
12.2,0.801
12.4,0.815
12.6,0.832
12.8,0.851
13,0.869
13.2,0.888
13.4,0.906
13.6,0.924
13.8,0.951
14,0.986
14.2,1.021
14.4,1.055
14.6,1.099
14.8,1.143
15,1.202
15.2,1.26
15.4,1.325
15.6,1.389
15.8,1.453
16,1.517
16.2,1.574
16.4,1.631
16.6,1.687
16.8,1.744
17,1.8
17.2,1.857
17.4,1.914
17.6,1.963
17.8,2.008
18,2.034
18.2,2.054
18.4,2.074
18.6,2.089
18.8,2.094
19,2.092
19.2,2.087
19.4,2.082
19.6,2.077
19.8,2.071
20,2.064
20.2,2.056
20.4,2.047
20.6,2.037
20.8,2.026
21,2.016
21.2,2.005
21.4,1.994
21.6,1.982
21.8,1.971
22,1.959
22.2,1.948
22.4,1.936
22.6,1.924
22.8,1.911
23,1.899
23.2,1.886
23.4,1.874
23.6,1.861
23.8,1.849
24,1.836
24.2,1.823
24.4,1.81
24.6,1.798
24.8,1.785
25,1.773
25.2,1.761
25.4,1.749
25.6,1.737
25.8,1.725
26,1.714
26.2,1.702
26.4,1.691
26.6,1.68
26.8,1.669
27,1.658
27.2,1.647
27.4,1.635
27.6,1.623
27.8,1.611
28,1.6
28.2,1.589
28.4,1.579
28.6,1.569
28.8,1.559
29,1.549
29.2,1.539
29.4,1.53
29.6,1.52
29.8,1.511
30,1.502
30.2,1.493
30.4,1.484
30.6,1.476
30.8,1.467
31,1.458
31.2,1.45
31.4,1.442
31.6,1.434
31.8,1.424
32,1.414
31.8,1.274
31.6,1.149
31.4,1.028
31.2,0.924
31,0.822
30.8,0.729
30.6,0.649
30.4,0.589
30.2,0.541
30,0.502
29.8,0.468
29.6,0.435
29.4,0.402
29.2,0.37
29,0.338
28.8,0.307
28.6,0.286
28.4,0.265
28.2,0.245
28,0.224
27.8,0.204
27.6,0.183
27.4,0.163
27.2,0.147
27,0.132
26.8,0.122
26.6,0.112
26.4,0.103
26.2,0.095
26,0.088
25.8,0.08
25.6,0.072
25.4,0.064
25.2,0.058
25,0.054
24.8,0.049
24.6,0.045
24.4,0.041
24.2,0.038
24,0.034
23.8,0.031
23.6,0.027
23.4,0.024
23.2,0.021
23,0.018
22.8,0.016
22.6,0.013
22.4,0.01
22.2,0.007
22,0.004
21.8,0.002
21.6,0
21.4,-0.003
21.2,-0.005
21,-0.007
20.8,-0.01
20.6,-0.012
20.4,-0.014
20.2,-0.016
20,-0.017
19.8,-0.018
19.6,-0.019
19.4,-0.02
19.2,-0.021
19,-0.023
18.8,-0.024
18.6,-0.025
18.4,-0.026
18.2,-0.028
18,-0.029
17.8,-0.031
17.6,-0.032
17.4,-0.034
17.2,-0.036
17,-0.037
16.8,-0.039
16.6,-0.04
16.4,-0.041
16.2,-0.043
16,-0.044
15.8,-0.045
15.6,-0.047
15.4,-0.048
15.2,-0.049
15,-0.051
14.8,-0.052
14.6,-0.053
14.4,-0.054
14.2,-0.056
14,-0.057
13.8,-0.059
13.6,-0.06
13.4,-0.062
13.2,-0.063
13,-0.065
12.8,-0.066
12.6,-0.068
12.4,-0.07
12.2,-0.072
12,-0.073
11.8,-0.075
11.6,-0.076
11.4,-0.078
11.2,-0.08
11,-0.082
10.8,-0.084
10.6,-0.086
10.4,-0.089
10.2,-0.091
10,-0.093
9.8,-0.097
9.6,-0.103
9.4,-0.109
9.2,-0.119
9,-0.127
8.8,-0.133
8.6,-0.139
8.4,-0.144
8.2,-0.149
8,-0.153
7.8,-0.157
7.6,-0.161
7.4,-0.165
7.2,-0.169
7,-0.174
6.8,-0.178
6.6,-0.183
6.4,-0.188
6.2,-0.192
6,-0.197
5.8,-0.201
5.6,-0.206
5.4,-0.21
5.2,-0.215
5,-0.22
4.8,-0.226
4.6,-0.232
4.4,-0.239
4.2,-0.246
4,-0.253
3.8,-0.26
3.6,-0.267
3.4,-0.274
3.2,-0.28
3,-0.287
2.8,-0.293
2.6,-0.3
2.4,-0.306
2.2,-0.313
2,-0.32
1.8,-0.327
1.6,-0.335
1.4,-0.342
1.2,-0.349
1,-0.356
0.8,-0.364
0.6,-0.372
0.4,-0.38
0.2,-0.387
0,-0.395
-0.2,-0.402
-0.4,-0.409
-0.6,-0.417
-0.8,-0.427
-1,-0.44
-1.2,-0.453
-1.4,-0.466
-1.6,-0.479
-1.8,-0.491
-2,-0.507
-2.2,-0.522
-2.4,-0.536
-2.6,-0.551
-2.8,-0.565
-3,-0.579
-3.2,-0.594
-3.4,-0.608
-3.6,-0.622
-3.8,-0.637
-4,-0.651
-4.2,-0.665
-4.4,-0.679
-4.6,-0.694
-4.8,-0.708
-5,-0.725
-5.2,-0.757
-5.4,-0.788
-5.6,-0.819
-5.8,-0.851
-6,-0.882
-6.2,-0.913
-6.4,-0.957
-6.6,-1.013
-6.8,-1.079
-7,-1.146
-7.2,-1.212
-7.4,-1.278
-7.6,-1.343
-7.8,-1.407
-8,-1.471
-8.2,-1.534
-8.4,-1.597
-8.6,-1.66
-8.8,-1.722
-9,-1.784
-9.2,-1.846
-9.4,-1.901
-9.6,-1.926
-9.8,-1.944
-10,-1.956
-10.2,-1.968
-10.4,-1.98
-10.6,-1.992
-10.8,-2.003
-11,-2.014
-11.2,-2.025
-11.4,-2.036
-11.6,-2.046
-11.8,-2.056
-12,-2.067
-12.2,-2.077
-12.4,-2.085
-12.6,-2.094
-12.8,-2.102
-13,-2.108
-13.2,-2.115
-13.4,-2.12
-13.6,-2.126
-13.8,-2.131
-14,-2.136
-14.2,-2.141
-14.4,-2.145
-14.6,-2.148
-14.8,-2.152
-15,-2.155
-15.2,-2.158
-15.4,-2.16
-15.6,-2.162
-15.8,-2.162
-16,-2.162
-15.8,-1.97
-15.6,-1.778
-15.4,-1.587
-15.2,-1.397
-15,-1.211
-14.8,-1.036
-14.6,-0.875
-14.4,-0.724
-14.2,-0.597
-14,-0.476
-13.8,-0.382
-13.6,-0.302
-13.4,-0.223
-13.2,-0.155
-13,-0.112
-12.8,-0.075
-12.6,-0.047
-12.4,-0.025
-12.2,-0.008
-12,0.005
-11.8,0.016
-11.6,0.023
-11.4,0.027
-11.2,0.03
-11,0.032
-10.8,0.033
-10.6,0.035
-10.4,0.037
-10.2,0.038
-10,0.04
-9.8,0.041
-9.6,0.043
-9.4,0.045
-9.2,0.046
-9,0.048
-8.8,0.05
-8.6,0.051
-8.4,0.053
-8.2,0.054
-8,0.056
-7.8,0.058
-7.6,0.059
-7.4,0.061
-7.2,0.063
-7,0.064
-6.8,0.066
-6.6,0.067
-6.4,0.069
-6.2,0.071
-6,0.072
-5.8,0.074
-5.6,0.075
-5.4,0.077
-5.2,0.078
-5,0.079
-4.8,0.081
-4.6,0.082
-4.4,0.083
-4.2,0.085
-4,0.086
-3.8,0.087
-3.6,0.088
-3.4,0.09
-3.2,0.091
-3,0.092
-2.8,0.094
-2.6,0.095
-2.4,0.096
-2.2,0.097
-2,0.099
-1.8,0.1
-1.6,0.101
-1.4,0.103
-1.2,0.104
-1,0.105
-0.8,0.107
-0.6,0.108
-0.4,0.11
-0.2,0.111
0,0.112
0.2,0.114
0.4,0.115
0.6,0.117
0.8,0.118
1,0.119
1.2,0.121
1.4,0.122
1.6,0.124
1.8,0.125
2,0.126
2.2,0.128
2.4,0.13
2.6,0.132
2.8,0.134
3,0.136
3.2,0.138
3.4,0.14
3.6,0.142
3.8,0.144
4,0.146
4.2,0.148
4.4,0.149
4.6,0.151
4.8,0.153
5,0.155
5.2,0.157
5.4,0.159
5.6,0.161
5.8,0.166
6,0.171
6.2,0.176
6.4,0.182
6.6,0.187
6.8,0.192
7,0.197
7.2,0.204
7.4,0.21
7.6,0.216
7.8,0.222
8,0.228
8.2,0.234
8.4,0.24
8.6,0.246
8.8,0.252
9,0.257
9.2,0.263
9.4,0.269
9.6,0.277
9.8,0.283
10,0.289
10.2,0.295
10.4,0.302
10.6,0.307
10.8,0.313
11,0.318
11.2,0.324
11.4,0.33
11.6,0.335
11.8,0.341
12,0.346
12.2,0.352
12.4,0.357
12.6,0.363
12.8,0.368
13,0.374
13.2,0.379
13.4,0.385
13.6,0.391
13.8,0.396
14,0.401
14.2,0.407
14.4,0.412
14.6,0.417
14.8,0.422
15,0.427
15.2,0.432
15.4,0.436
15.6,0.443
15.8,0.451
16,0.46
16.2,0.468
16.4,0.476
16.6,0.484
16.8,0.492
17,0.5
17.2,0.508
17.4,0.516
17.6,0.524
17.8,0.532
18,0.541
18.2,0.55
18.4,0.559
18.6,0.567
18.8,0.576
19,0.585
19.2,0.593
19.4,0.602
19.6,0.611
19.8,0.62
20,0.628
20.2,0.637
20.4,0.646
20.6,0.654
20.8,0.663
21,0.672
21.2,0.68
21.4,0.689
21.6,0.697
21.8,0.706
22,0.714
22.2,0.723
22.4,0.732
22.6,0.741
22.8,0.751
23,0.76
23.2,0.77
23.4,0.779
23.6,0.789
23.8,0.798
24,0.807
24.2,0.816
24.4,0.825
24.6,0.835
24.8,0.85
25,0.865
25.2,0.88
25.4,0.895
25.6,0.91
25.8,0.925
26,0.94
26.2,0.954
26.4,0.969
26.6,0.984
26.8,0.999
27,1.014
27.2,1.029
27.4,1.043
27.6,1.061
27.8,1.08
28,1.098
28.2,1.116
28.4,1.131
28.6,1.145
28.8,1.155
29,1.153
29.2,1.149
29.4,1.16
29.6,1.154
29.8,1.147
30,1.141
30.2,1.135
30.4,1.131
30.6,1.125
30.8,1.119
31,1.113
31.2,1.107
31.4,1.101
31.6,1.095
31.8,1.09
32,1.084
31.8,0.965
31.6,0.864
31.4,0.764
31.2,0.673
31,0.59
30.8,0.525
30.6,0.468
30.4,0.416
30.2,0.372
30,0.339
29.8,0.322
29.6,0.306
29.4,0.29
29.2,0.274
29,0.258
28.8,0.242
28.6,0.227
28.4,0.211
28.2,0.195
28,0.18
27.8,0.164
27.6,0.148
27.4,0.133
27.2,0.12
27,0.11
26.8,0.1
26.6,0.091
26.4,0.081
26.2,0.071
26,0.061
25.8,0.051
25.6,0.044
25.4,0.037
25.2,0.03
25,0.024
24.8,0.019
24.6,0.015
24.4,0.012
24.2,0.008
24,0.004
23.8,0.001
23.6,-0.003
23.4,-0.007
23.2,-0.01
23,-0.014
22.8,-0.016
22.6,-0.018
22.4,-0.02
22.2,-0.023
22,-0.025
21.8,-0.027
21.6,-0.029
21.4,-0.031
21.2,-0.033
21,-0.035
20.8,-0.037
20.6,-0.038
20.4,-0.04
20.2,-0.041
20,-0.043
19.8,-0.044
19.6,-0.046
19.4,-0.047
19.2,-0.049
19,-0.05
18.8,-0.052
18.6,-0.053
18.4,-0.055
18.2,-0.056
18,-0.058
17.8,-0.059
17.6,-0.06
17.4,-0.061
17.2,-0.062
17,-0.064
16.8,-0.065
16.6,-0.066
16.4,-0.067
16.2,-0.068
16,-0.069
15.8,-0.07
15.6,-0.072
15.4,-0.073
15.2,-0.074
15,-0.075
14.8,-0.076
14.6,-0.078
14.4,-0.079
14.2,-0.08
14,-0.082
13.8,-0.083
13.6,-0.084
13.4,-0.085
13.2,-0.087
13,-0.088
12.8,-0.089
12.6,-0.091
12.4,-0.092
12.2,-0.093
12,-0.094
11.8,-0.096
11.6,-0.097
11.4,-0.098
11.2,-0.099
11,-0.1
10.8,-0.101
10.6,-0.102
10.4,-0.103
10.2,-0.104
10,-0.105
9.8,-0.106
9.6,-0.107
9.4,-0.108
9.2,-0.109
9,-0.11
8.8,-0.111
8.6,-0.112
8.4,-0.113
8.2,-0.114
8,-0.115
7.8,-0.116
7.6,-0.117
7.4,-0.118
7.2,-0.119
7,-0.121
6.8,-0.122
6.6,-0.123
6.4,-0.124
6.2,-0.125
6,-0.127
5.8,-0.128
5.6,-0.129
5.4,-0.13
5.2,-0.132
5,-0.133
4.8,-0.134
4.6,-0.136
4.4,-0.137
4.2,-0.138
4,-0.14
3.8,-0.142
3.6,-0.145
3.4,-0.148
3.2,-0.15
3,-0.153
2.8,-0.155
2.6,-0.158
2.4,-0.16
2.2,-0.163
2,-0.166
1.8,-0.168
1.6,-0.171
1.4,-0.173
1.2,-0.175
1,-0.177
0.8,-0.182
0.6,-0.188
0.4,-0.199
0.2,-0.21
0,-0.222
-0.2,-0.233
-0.4,-0.243
-0.6,-0.254
-0.8,-0.264
-1,-0.274
-1.2,-0.284
-1.4,-0.294
-1.6,-0.303
-1.8,-0.311
-2,-0.317
-2.2,-0.324
-2.4,-0.33
-2.6,-0.336
-2.8,-0.344
-3,-0.352
-3.2,-0.36
-3.4,-0.368
-3.6,-0.376
-3.8,-0.384
-4,-0.391
-4.2,-0.398
-4.4,-0.405
-4.6,-0.411
-4.8,-0.418
-5,-0.423
-5.2,-0.429
-5.4,-0.435
-5.6,-0.44
-5.8,-0.451
-6,-0.461
-6.2,-0.472
-6.4,-0.483
-6.6,-0.494
-6.8,-0.506
-7,-0.518
-7.2,-0.53
-7.4,-0.541
-7.6,-0.553
-7.8,-0.565
-8,-0.577
-8.2,-0.589
-8.4,-0.602
-8.6,-0.614
-8.8,-0.626
-9,-0.638
-9.2,-0.651
-9.4,-0.663
-9.6,-0.675
-9.8,-0.687
-10,-0.699
-10.2,-0.716
-10.4,-0.732
-10.6,-0.749
-10.8,-0.765
-11,-0.781
-11.2,-0.799
-11.4,-0.823
-11.6,-0.846
-11.8,-0.869
-12,-0.893
-12.2,-0.928
-12.4,-0.963
-12.6,-0.998
-12.8,-1.033
-13,-1.067
-13.2,-1.102
-13.4,-1.137
-13.6,-1.179
-13.8,-1.238
-14,-1.296
-14.2,-1.352
-14.4,-1.408
-14.6,-1.473
-14.8,-1.535
-15,-1.595
-15.2,-1.655
-15.4,-1.713
-15.6,-1.772
-15.8,-1.83
-16,-1.887
-15.8,-1.693
-15.6,-1.5
-15.4,-1.309
-15.2,-1.12
-15,-0.937
-14.8,-0.774
-14.6,-0.627
-14.4,-0.516
-14.2,-0.429
-14,-0.348
-13.8,-0.275
-13.6,-0.228
-13.4,-0.185
-13.2,-0.143
-13,-0.105
-12.8,-0.073
-12.6,-0.042
-12.4,-0.018
-12.2,0.002
-12,0.017
-11.8,0.024
-11.6,0.028
-11.4,0.031
-11.2,0.034
-11,0.036
-10.8,0.037
-10.6,0.039
-10.4,0.041
-10.2,0.043
-10,0.045
-9.8,0.046
-9.6,0.048
-9.4,0.05
-9.2,0.052
-9,0.053
-8.8,0.055
-8.6,0.057
-8.4,0.059
-8.2,0.061
-8,0.062
-7.8,0.064
-7.6,0.066
-7.4,0.067
-7.2,0.069
-7,0.071
-6.8,0.072
-6.6,0.074
-6.4,0.076
-6.2,0.077
-6,0.079
-5.8,0.08
-5.6,0.082
-5.4,0.084
-5.2,0.085
-5,0.087
-4.8,0.088
-4.6,0.09
-4.4,0.091
-4.2,0.092
-4,0.093
-3.8,0.095
-3.6,0.096
-3.4,0.097
-3.2,0.098
-3,0.1
-2.8,0.101
-2.6,0.102
-2.4,0.103
-2.2,0.105
-2,0.106
-1.8,0.107
-1.6,0.108
-1.4,0.11
-1.2,0.111
-1,0.112
-0.8,0.113
-0.6,0.114
-0.4,0.115
-0.2,0.116
0,0.116
0.2,0.117
0.4,0.118
0.6,0.119
0.8,0.12
1,0.121
1.2,0.122
1.4,0.124
1.6,0.125
1.8,0.126
2,0.127
2.2,0.128
2.4,0.129
2.6,0.13
2.8,0.132
3,0.133
3.2,0.134
3.4,0.135
3.6,0.136
3.8,0.137
4,0.138
4.2,0.139
4.4,0.14
4.6,0.142
4.8,0.143
5,0.144
5.2,0.145
5.4,0.146
5.6,0.147
5.8,0.148
6,0.15
6.2,0.151
6.4,0.152
6.6,0.154
6.8,0.156
7,0.157
7.2,0.159
7.4,0.161
7.6,0.163
7.8,0.164
8,0.166
8.2,0.168
8.4,0.17
8.6,0.172
8.8,0.174
9,0.176
9.2,0.179
9.4,0.181
9.6,0.184
9.8,0.186
10,0.189
10.2,0.191
10.4,0.194
10.6,0.196
10.8,0.199
11,0.201
11.2,0.204
11.4,0.206
11.6,0.209
11.8,0.211
12,0.214
12.2,0.217
12.4,0.22
12.6,0.226
12.8,0.231
13,0.236
13.2,0.241
13.4,0.246
13.6,0.251
13.8,0.257
14,0.263
14.2,0.269
14.4,0.275
14.6,0.281
14.8,0.287
15,0.292
15.2,0.298
15.4,0.304
15.6,0.31
15.8,0.315
16,0.321
16.2,0.327
16.4,0.332
16.6,0.338
16.8,0.344
17,0.349
17.2,0.358
17.4,0.367
17.6,0.375
17.8,0.383
18,0.389
18.2,0.395
18.4,0.401
18.6,0.406
18.8,0.412
19,0.419
19.2,0.428
19.4,0.436
19.6,0.445
19.8,0.453
20,0.461
20.2,0.468
20.4,0.475
20.6,0.482
20.8,0.489
21,0.496
21.2,0.503
21.4,0.51
21.6,0.517
21.8,0.523
22,0.53
22.2,0.537
22.4,0.544
22.6,0.551
22.8,0.558
23,0.565
23.2,0.572
23.4,0.578
23.6,0.585
23.8,0.592
24,0.599
24.2,0.606
24.4,0.613
24.6,0.621
24.8,0.63
25,0.638
25.2,0.647
25.4,0.655
25.6,0.664
25.8,0.673
26,0.681
26.2,0.69
26.4,0.698
26.6,0.707
26.8,0.715
27,0.724
27.2,0.733
27.4,0.741
27.6,0.75
27.8,0.758
28,0.771
28.2,0.785
28.4,0.798
28.6,0.812
28.8,0.826
29,0.84
29.2,0.856
29.4,0.872
29.6,0.887
29.8,0.903
30,0.919
30.2,0.934
30.4,0.949
30.6,0.967
30.8,0.982
31,0.988
31.2,0.994
31.4,0.991
31.6,0.988
31.8,0.983
32,0.979
31.8,0.865
31.6,0.766
31.4,0.678
31.2,0.598
31,0.523
30.8,0.453
30.6,0.401
30.4,0.367
30.2,0.335
30,0.307
29.8,0.286
29.6,0.269
29.4,0.253
29.2,0.237
29,0.22
28.8,0.204
28.6,0.188
28.4,0.173
28.2,0.157
28,0.144
27.8,0.134
27.6,0.124
27.4,0.114
27.2,0.104
27,0.095
26.8,0.087
26.6,0.08
26.4,0.073
26.2,0.066
26,0.059
25.8,0.052
25.6,0.045
25.4,0.038
25.2,0.031
25,0.025
24.8,0.021
24.6,0.017
24.4,0.013
24.2,0.01
24,0.006
23.8,0.002
23.6,-0.001
23.4,-0.005
23.2,-0.009
23,-0.012
22.8,-0.015
22.6,-0.017
22.4,-0.019
22.2,-0.021
22,-0.023
21.8,-0.025
21.6,-0.028
21.4,-0.03
21.2,-0.032
21,-0.034
20.8,-0.035
20.6,-0.037
20.4,-0.039
20.2,-0.041
20,-0.043
19.8,-0.044
19.6,-0.046
19.4,-0.048
19.2,-0.05
19,-0.051
18.8,-0.053
18.6,-0.055
18.4,-0.057
18.2,-0.058
18,-0.06
17.8,-0.062
17.6,-0.063
17.4,-0.065
17.2,-0.067
17,-0.069
16.8,-0.07
16.6,-0.072
16.4,-0.073
16.2,-0.075
16,-0.076
15.8,-0.077
15.6,-0.078
15.4,-0.079
15.2,-0.081
15,-0.082
14.8,-0.083
14.6,-0.083
14.4,-0.084
14.2,-0.085
14,-0.086
13.8,-0.087
13.6,-0.088
13.4,-0.089
13.2,-0.09
13,-0.091
12.8,-0.091
12.6,-0.092
12.4,-0.093
12.2,-0.094
12,-0.095
11.8,-0.096
11.6,-0.096
11.4,-0.097
11.2,-0.098
11,-0.1
10.8,-0.101
10.6,-0.102
10.4,-0.103
10.2,-0.104
10,-0.105
9.8,-0.106
9.6,-0.107
9.4,-0.108
9.2,-0.109
9,-0.11
8.8,-0.111
8.6,-0.113
8.4,-0.114
8.2,-0.115
8,-0.116
7.8,-0.117
7.6,-0.119
7.4,-0.12
7.2,-0.121
7,-0.122
6.8,-0.123
6.6,-0.124
6.4,-0.126
6.2,-0.127
6,-0.128
5.8,-0.129
5.6,-0.13
5.4,-0.132
5.2,-0.133
5,-0.134
4.8,-0.136
4.6,-0.137
4.4,-0.138
4.2,-0.139
4,-0.14
3.8,-0.141
3.6,-0.142
3.4,-0.144
3.2,-0.145
3,-0.147
2.8,-0.148
2.6,-0.15
2.4,-0.152
2.2,-0.154
2,-0.155
1.8,-0.157
1.6,-0.159
1.4,-0.16
1.2,-0.162
1,-0.164
0.8,-0.165
0.6,-0.167
0.4,-0.169
0.2,-0.17
0,-0.172
-0.2,-0.174
-0.4,-0.177
-0.6,-0.179
-0.8,-0.182
-1,-0.184
-1.2,-0.187
-1.4,-0.19
-1.6,-0.192
-1.8,-0.195
-2,-0.197
-2.2,-0.2
-2.4,-0.202
-2.6,-0.205
-2.8,-0.208
-3,-0.21
-3.2,-0.216
-3.4,-0.226
-3.6,-0.238
-3.8,-0.249
-4,-0.261
-4.2,-0.272
-4.4,-0.284
-4.6,-0.295
-4.8,-0.306
-5,-0.317
-5.2,-0.328
-5.4,-0.342
-5.6,-0.357
-5.8,-0.373
-6,-0.387
-6.2,-0.4
-6.4,-0.411
-6.6,-0.42
-6.8,-0.429
-7,-0.437
-7.2,-0.445
-7.4,-0.457
-7.6,-0.469
-7.8,-0.481
-8,-0.494
-8.2,-0.508
-8.4,-0.521
-8.6,-0.535
-8.8,-0.548
-9,-0.564
-9.2,-0.579
-9.4,-0.594
-9.6,-0.609
-9.8,-0.624
-10,-0.638
-10.2,-0.651
-10.4,-0.663
-10.6,-0.676
-10.8,-0.689
-11,-0.702
-11.2,-0.719
-11.4,-0.735
-11.6,-0.752
-11.8,-0.769
-12,-0.785
-12.2,-0.809
-12.4,-0.833
-12.6,-0.856
-12.8,-0.88
-13,-0.903
-13.2,-0.938
-13.4,-0.973
-13.6,-1.007
-13.8,-1.042
-14,-1.077
-14.2,-1.119
-14.4,-1.161
-14.6,-1.219
-14.8,-1.276
-15,-1.334
-15.2,-1.401
-15.4,-1.467
-15.6,-1.533
-15.8,-1.597
-16,-1.661
-15.8,-1.466
-15.6,-1.272
-15.4,-1.079
-15.2,-0.897
-15,-0.727
-14.8,-0.604
-14.6,-0.501
-14.4,-0.405
-14.2,-0.335
-14,-0.292
-13.8,-0.249
-13.6,-0.207
-13.4,-0.164
-13.2,-0.132
-13,-0.1
-12.8,-0.069
-12.6,-0.04
-12.4,-0.017
-12.2,0.003
-12,0.021
-11.8,0.032
-11.6,0.034
-11.4,0.035
-11.2,0.037
-11,0.038
-10.8,0.039
-10.6,0.041
-10.4,0.042
-10.2,0.044
-10,0.045
-9.8,0.046
-9.6,0.048
-9.4,0.049
-9.2,0.051
-9,0.053
-8.8,0.054
-8.6,0.056
-8.4,0.058
-8.2,0.06
-8,0.061
-7.8,0.063
-7.6,0.065
-7.4,0.067
-7.2,0.069
-7,0.07
-6.8,0.072
-6.6,0.074
-6.4,0.076
-6.2,0.077
-6,0.079
-5.8,0.081
-5.6,0.083
-5.4,0.084
-5.2,0.086
-5,0.088
-4.8,0.09
-4.6,0.091
-4.4,0.093
-4.2,0.094
-4,0.096
-3.8,0.097
-3.6,0.098
-3.4,0.099
-3.2,0.101
-3,0.102
-2.8,0.103
-2.6,0.104
-2.4,0.106
-2.2,0.107
-2,0.108
-1.8,0.109
-1.6,0.109
-1.4,0.11
-1.2,0.111
-1,0.112
-0.8,0.113
-0.6,0.114
-0.4,0.115
-0.2,0.116
0,0.117
