Disp(mm)  Force(kN)
0,0
0.2,0.189
0.4,0.365
0.6,0.514
0.8,0.63
1,0.726
1.2,0.812
1.4,0.892
1.6,0.966
1.8,1.034
2,1.097
1.8,0.901
1.6,0.705
1.4,0.51
1.2,0.316
1,0.132
0.8,-0.023
0.6,-0.092
0.4,-0.132
0.2,-0.15
0,-0.201
-0.2,-0.318
-0.4,-0.429
-0.6,-0.537
-0.8,-0.637
-1,-0.73
-0.8,-0.534
-0.6,-0.338
-0.4,-0.143
-0.2,0.019
0,0.07
0.2,0.117
0.4,0.164
0.6,0.232
0.8,0.34
1,0.476
1.2,0.61
1.4,0.744
1.6,0.878
1.8,1.001
2,1.097
1.8,0.901
1.6,0.705
1.4,0.51
1.2,0.316
1,0.133
0.8,-0.021
0.6,-0.091
0.4,-0.131
0.2,-0.148
0,-0.169
-0.2,-0.241
-0.4,-0.364
-0.6,-0.494
-0.8,-0.62
-1,-0.73
-0.8,-0.534
-0.6,-0.338
-0.4,-0.143
-0.2,0.018
0,0.069
0.2,0.117
0.4,0.164
0.6,0.232
0.8,0.33
1,0.465
1.2,0.599
1.4,0.733
1.6,0.867
1.8,0.992
2,1.097
1.8,0.901
1.6,0.705
1.4,0.51
1.2,0.316
1,0.132
0.8,-0.021
0.6,-0.092
0.4,-0.131
0.2,-0.148
0,-0.169
-0.2,-0.241
-0.4,-0.364
-0.6,-0.494
-0.8,-0.62
-1,-0.73
-0.8,-0.534
-0.6,-0.338
-0.4,-0.143
-0.2,0.018
0,0.069
0.2,0.117
0.4,0.164
0.6,0.232
0.8,0.33
1,0.465
1.2,0.599
1.4,0.733
1.6,0.867
1.8,0.992
2,1.097
2.2,1.154
2.4,1.207
2.6,1.251
2.8,1.288
3,1.322
3.2,1.354
3.4,1.383
3.6,1.411
3.8,1.438
4,1.463
3.8,1.268
3.6,1.073
3.4,0.877
3.2,0.683
3,0.497
2.8,0.33
2.6,0.173
2.4,0.033
2.2,-0.063
2,-0.109
1.8,-0.122
1.6,-0.129
1.4,-0.139
1.2,-0.147
1,-0.159
0.8,-0.173
0.6,-0.197
0.4,-0.239
0.2,-0.297
0,-0.371
-0.2,-0.479
-0.4,-0.595
-0.6,-0.7
-0.8,-0.791
-1,-0.867
-1.2,-0.936
-1.4,-0.993
-1.6,-1.047
-1.8,-1.096
-2,-1.142
-1.8,-0.946
-1.6,-0.75
-1.4,-0.556
-1.2,-0.364
-1,-0.179
-0.8,-0.025
-0.6,0.047
-0.4,0.096
-0.2,0.125
0,0.137
0.2,0.146
0.4,0.153
0.6,0.165
0.8,0.177
1,0.194
1.2,0.21
1.4,0.228
1.6,0.271
1.8,0.313
2,0.383
2.2,0.483
2.4,0.595
2.6,0.724
2.8,0.849
3,0.97
3.2,1.084
3.4,1.188
3.6,1.284
3.8,1.378
4,1.451
3.8,1.256
3.6,1.06
3.4,0.865
3.2,0.671
3,0.486
2.8,0.319
2.6,0.165
2.4,0.032
2.2,-0.064
2,-0.109
1.8,-0.121
1.6,-0.128
1.4,-0.135
1.2,-0.143
1,-0.151
0.8,-0.161
0.6,-0.169
0.4,-0.184
0.2,-0.21
0,-0.252
-0.2,-0.294
-0.4,-0.353
-0.6,-0.425
-0.8,-0.533
-1,-0.657
-1.2,-0.774
-1.4,-0.882
-1.6,-0.981
-1.8,-1.078
-2,-1.145
-1.8,-0.949
-1.6,-0.754
-1.4,-0.559
-1.2,-0.367
-1,-0.183
-0.8,-0.027
-0.6,0.046
-0.4,0.095
-0.2,0.124
0,0.136
0.2,0.146
0.4,0.153
0.6,0.163
0.8,0.175
1,0.192
1.2,0.208
1.4,0.226
1.6,0.268
1.8,0.311
2,0.38
2.2,0.481
2.4,0.593
2.6,0.721
2.8,0.847
3,0.967
3.2,1.082
3.4,1.185
3.6,1.282
3.8,1.376
4,1.449
3.8,1.253
3.6,1.058
3.4,0.863
3.2,0.669
3,0.484
2.8,0.318
2.6,0.163
2.4,0.031
2.2,-0.065
2,-0.109
1.8,-0.121
1.6,-0.129
1.4,-0.135
1.2,-0.143
1,-0.151
0.8,-0.161
0.6,-0.169
0.4,-0.185
0.2,-0.21
0,-0.252
-0.2,-0.294
-0.4,-0.353
-0.6,-0.425
-0.8,-0.533
-1,-0.657
-1.2,-0.775
-1.4,-0.882
-1.6,-0.982
-1.8,-1.079
-2,-1.147
-1.8,-0.951
-1.6,-0.755
-1.4,-0.561
-1.2,-0.368
-1,-0.184
-0.8,-0.028
-0.6,0.045
-0.4,0.094
-0.2,0.124
0,0.136
0.2,0.145
0.4,0.153
0.6,0.163
0.8,0.175
1,0.191
1.2,0.207
1.4,0.226
1.6,0.268
1.8,0.311
2,0.38
2.2,0.481
2.4,0.593
2.6,0.721
2.8,0.847
3,0.967
3.2,1.082
3.4,1.185
3.6,1.281
3.8,1.375
4,1.448
4.2,1.483
4.4,1.507
4.6,1.529
4.8,1.551
5,1.571
5.2,1.591
5.4,1.61
5.6,1.629
5.8,1.646
6,1.664
6.2,1.681
6.4,1.697
6.6,1.714
6.8,1.73
7,1.745
7.2,1.76
7.4,1.775
7.6,1.79
7.8,1.805
8,1.819
7.8,1.623
7.6,1.428
7.4,1.233
7.2,1.039
7,0.853
6.8,0.684
6.6,0.529
6.4,0.384
6.2,0.244
6,0.123
5.8,0.033
5.6,-0.025
5.4,-0.06
5.2,-0.075
5,-0.082
4.8,-0.089
4.6,-0.096
4.4,-0.105
4.2,-0.113
4,-0.117
3.8,-0.122
3.6,-0.138
3.4,-0.155
3.2,-0.171
3,-0.192
2.8,-0.212
2.6,-0.235
2.4,-0.257
2.2,-0.278
2,-0.296
1.8,-0.316
1.6,-0.332
1.4,-0.345
1.2,-0.358
1,-0.371
0.8,-0.382
0.6,-0.401
0.4,-0.429
0.2,-0.457
0,-0.483
-0.2,-0.515
-0.4,-0.549
-0.6,-0.62
-0.8,-0.687
-1,-0.774
-1.2,-0.867
-1.4,-0.959
-1.6,-1.052
-1.8,-1.131
-2,-1.179
-2.2,-1.217
-2.4,-1.253
-2.6,-1.287
-2.8,-1.319
-3,-1.35
-3.2,-1.378
-3.4,-1.405
-3.6,-1.431
-3.8,-1.456
-4,-1.479
-3.8,-1.285
-3.6,-1.091
-3.4,-0.896
-3.2,-0.703
-3,-0.52
-2.8,-0.354
-2.6,-0.199
-2.4,-0.052
-2.2,0.048
-2,0.097
-1.8,0.117
-1.6,0.123
-1.4,0.129
-1.2,0.135
-1,0.139
-0.8,0.147
-0.6,0.153
-0.4,0.159
-0.2,0.163
0,0.168
0.2,0.175
0.4,0.192
0.6,0.209
0.8,0.226
1,0.246
1.2,0.267
1.4,0.29
1.6,0.313
1.8,0.334
2,0.354
2.2,0.374
2.4,0.4
2.6,0.424
2.8,0.452
3,0.48
3.2,0.502
3.4,0.524
3.6,0.546
3.8,0.566
4,0.594
4.2,0.62
4.4,0.647
4.6,0.673
4.8,0.699
5,0.724
5.2,0.758
5.4,0.789
5.6,0.841
5.8,0.9
6,0.958
6.2,1.017
6.4,1.094
6.6,1.172
6.8,1.25
7,1.325
7.2,1.4
7.4,1.474
7.6,1.547
7.8,1.619
8,1.69
7.8,1.497
7.6,1.303
7.4,1.11
7.2,0.919
7,0.736
6.8,0.568
6.6,0.411
6.4,0.272
6.2,0.163
6,0.079
5.8,0.019
5.6,-0.024
5.4,-0.062
5.2,-0.08
5,-0.087
4.8,-0.095
4.6,-0.102
4.4,-0.109
4.2,-0.114
4,-0.119
3.8,-0.124
3.6,-0.128
3.4,-0.135
3.2,-0.147
3,-0.162
2.8,-0.176
2.6,-0.189
2.4,-0.209
2.2,-0.229
2,-0.248
1.8,-0.268
1.6,-0.288
1.4,-0.307
1.2,-0.324
1,-0.338
0.8,-0.351
0.6,-0.364
0.4,-0.377
0.2,-0.388
0,-0.399
-0.2,-0.41
-0.4,-0.43
-0.6,-0.449
-0.8,-0.476
-1,-0.503
-1.2,-0.529
-1.4,-0.555
-1.6,-0.578
-1.8,-0.61
-2,-0.64
-2.2,-0.706
-2.4,-0.772
-2.6,-0.862
-2.8,-0.951
-3,-1.041
-3.2,-1.13
-3.4,-1.218
-3.6,-1.308
-3.8,-1.395
-4,-1.475
-3.8,-1.282
-3.6,-1.089
-3.4,-0.895
-3.2,-0.705
-3,-0.521
-2.8,-0.353
-2.6,-0.198
-2.4,-0.052
-2.2,0.044
-2,0.095
-1.8,0.115
-1.6,0.119
-1.4,0.123
-1.2,0.129
-1,0.133
-0.8,0.136
-0.6,0.141
-0.4,0.149
-0.2,0.154
0,0.159
0.2,0.164
0.4,0.173
0.6,0.19
0.8,0.207
1,0.224
1.2,0.244
1.4,0.265
1.6,0.288
1.8,0.312
2,0.334
2.2,0.357
2.4,0.378
2.6,0.405
2.8,0.432
3,0.454
3.2,0.48
3.4,0.502
3.6,0.523
3.8,0.545
4,0.565
4.2,0.585
4.4,0.611
4.6,0.638
4.8,0.664
5,0.689
5.2,0.714
5.4,0.739
5.6,0.771
5.8,0.801
6,0.853
6.2,0.911
6.4,0.968
6.6,1.026
6.8,1.103
7,1.179
7.2,1.256
7.4,1.332
7.6,1.407
7.8,1.48
8,1.552
7.8,1.358
7.6,1.164
7.4,0.97
7.2,0.78
7,0.597
6.8,0.435
6.6,0.305
6.4,0.194
6.2,0.124
6,0.066
5.8,0.023
5.6,-0.02
5.4,-0.06
5.2,-0.082
5,-0.089
4.8,-0.095
4.6,-0.103
4.4,-0.109
4.2,-0.113
4,-0.117
3.8,-0.122
3.6,-0.126
3.4,-0.13
3.2,-0.137
3,-0.151
2.8,-0.165
2.6,-0.178
2.4,-0.192
2.2,-0.212
2,-0.232
1.8,-0.254
1.6,-0.274
1.4,-0.295
1.2,-0.315
1,-0.331
0.8,-0.347
0.6,-0.36
0.4,-0.373
0.2,-0.386
0,-0.397
-0.2,-0.408
-0.4,-0.429
-0.6,-0.448
-0.8,-0.476
-1,-0.503
-1.2,-0.529
-1.4,-0.555
-1.6,-0.579
-1.8,-0.612
-2,-0.642
-2.2,-0.708
-2.4,-0.774
-2.6,-0.851
-2.8,-0.941
-3,-1.03
-3.2,-1.12
-3.4,-1.208
-3.6,-1.297
-3.8,-1.385
-4,-1.466
-3.8,-1.272
-3.6,-1.079
-3.4,-0.886
-3.2,-0.695
-3,-0.512
-2.8,-0.343
-2.6,-0.188
-2.4,-0.051
-2.2,0.045
-2,0.097
-1.8,0.115
-1.6,0.119
-1.4,0.123
-1.2,0.128
-1,0.132
-0.8,0.136
-0.6,0.139
-0.4,0.147
-0.2,0.152
0,0.157
0.2,0.162
0.4,0.169
0.6,0.184
0.8,0.201
1,0.218
1.2,0.239
1.4,0.259
1.6,0.283
1.8,0.306
2,0.329
2.2,0.351
2.4,0.373
2.6,0.4
2.8,0.427
3,0.451
3.2,0.469
3.4,0.491
3.6,0.512
3.8,0.534
4,0.554
4.2,0.574
4.4,0.594
4.6,0.613
4.8,0.639
5,0.665
5.2,0.69
5.4,0.715
5.6,0.74
5.8,0.763
6,0.792
6.2,0.843
6.4,0.894
6.6,0.952
6.8,1.009
7,1.085
7.2,1.161
7.4,1.236
7.6,1.312
7.8,1.387
8,1.46
8.2,1.53
8.4,1.6
8.6,1.669
8.8,1.738
9,1.806
9.2,1.865
9.4,1.895
9.6,1.919
9.8,1.933
10,1.946
10.2,1.959
10.4,1.971
10.6,1.983
10.8,1.995
11,2.006
11.2,2.017
11.4,2.028
11.6,2.038
11.8,2.049
12,2.059
12.2,2.069
12.4,2.078
12.6,2.086
12.8,2.093
13,2.1
13.2,2.106
13.4,2.112
13.6,2.118
13.8,2.123
14,2.128
14.2,2.133
14.4,2.137
14.6,2.141
14.8,2.145
15,2.148
15.2,2.151
15.4,2.153
15.6,2.156
15.8,2.157
16,2.158
15.8,1.964
15.6,1.771
15.4,1.577
15.2,1.385
15,1.2
14.8,1.03
14.6,0.871
14.4,0.721
14.2,0.593
14,0.473
13.8,0.376
13.6,0.296
13.4,0.216
13.2,0.145
13,0.102
12.8,0.066
12.6,0.039
12.4,0.018
12.2,0.002
12,-0.01
11.8,-0.02
11.6,-0.027
11.4,-0.033
11.2,-0.037
11,-0.04
10.8,-0.042
10.6,-0.044
10.4,-0.047
10.2,-0.05
10,-0.053
9.8,-0.055
9.6,-0.057
9.4,-0.061
9.2,-0.068
9,-0.079
8.8,-0.09
8.6,-0.101
8.4,-0.112
8.2,-0.121
8,-0.13
7.8,-0.137
7.6,-0.144
7.4,-0.152
7.2,-0.16
7,-0.167
6.8,-0.174
6.6,-0.182
6.4,-0.188
6.2,-0.195
6,-0.201
5.8,-0.208
5.6,-0.214
5.4,-0.22
5.2,-0.226
5,-0.232
4.8,-0.238
4.6,-0.244
4.4,-0.25
4.2,-0.256
4,-0.262
3.8,-0.269
3.6,-0.277
3.4,-0.286
3.2,-0.294
3,-0.302
2.8,-0.311
2.6,-0.319
2.4,-0.327
2.2,-0.335
2,-0.342
1.8,-0.352
1.6,-0.361
1.4,-0.37
1.2,-0.38
1,-0.389
0.8,-0.398
0.6,-0.407
0.4,-0.416
0.2,-0.432
0,-0.448
-0.2,-0.465
-0.4,-0.481
-0.6,-0.503
-0.8,-0.524
-1,-0.545
-1.2,-0.566
-1.4,-0.587
-1.6,-0.609
-1.8,-0.655
-2,-0.712
-2.2,-0.77
-2.4,-0.834
-2.6,-0.923
-2.8,-1.011
-3,-1.099
-3.2,-1.184
-3.4,-1.267
-3.6,-1.345
-3.8,-1.413
-4,-1.473
-4.2,-1.518
-4.4,-1.538
-4.6,-1.558
-4.8,-1.577
-5,-1.595
-5.2,-1.613
-5.4,-1.631
-5.6,-1.648
-5.8,-1.665
-6,-1.681
-6.2,-1.697
-6.4,-1.712
-6.6,-1.727
-6.8,-1.742
-7,-1.757
-7.2,-1.771
-7.4,-1.786
-7.6,-1.8
-7.8,-1.813
-8,-1.827
-7.8,-1.634
-7.6,-1.44
-7.4,-1.246
-7.2,-1.055
-7,-0.871
-6.8,-0.701
-6.6,-0.544
-6.4,-0.393
-6.2,-0.252
-6,-0.129
-5.8,-0.038
-5.6,0.018
-5.4,0.055
-5.2,0.072
-5,0.079
-4.8,0.085
-4.6,0.09
-4.4,0.097
-4.2,0.103
-4,0.106
-3.8,0.109
-3.6,0.112
-3.4,0.114
-3.2,0.117
-3,0.119
-2.8,0.122
-2.6,0.124
-2.4,0.127
-2.2,0.13
-2,0.137
-1.8,0.144
-1.6,0.151
-1.4,0.16
-1.2,0.17
-1,0.179
-0.8,0.189
-0.6,0.198
-0.4,0.207
-0.2,0.218
0,0.234
0.2,0.25
0.4,0.265
0.6,0.281
0.8,0.296
1,0.31
1.2,0.322
1.4,0.331
1.6,0.339
1.8,0.347
2,0.354
2.2,0.362
2.4,0.369
2.6,0.377
2.8,0.385
3,0.392
3.2,0.4
3.4,0.408
3.6,0.415
3.8,0.423
4,0.431
4.2,0.439
4.4,0.448
4.6,0.456
4.8,0.465
5,0.473
5.2,0.482
5.4,0.49
5.6,0.499
5.8,0.507
6,0.514
6.2,0.521
6.4,0.529
6.6,0.536
6.8,0.543
7,0.55
7.2,0.557
7.4,0.564
7.6,0.572
7.8,0.58
8,0.595
8.2,0.61
8.4,0.625
8.6,0.64
8.8,0.655
9,0.67
9.2,0.685
9.4,0.699
9.6,0.714
9.8,0.728
10,0.743
10.2,0.758
10.4,0.772
10.6,0.787
10.8,0.802
11,0.821
11.2,0.84
11.4,0.859
11.6,0.878
11.8,0.897
12,0.916
12.2,0.952
12.4,0.987
12.6,1.023
12.8,1.059
13,1.094
13.2,1.134
13.4,1.179
13.6,1.223
13.8,1.275
14,1.332
14.2,1.39
14.4,1.45
14.6,1.508
14.8,1.566
15,1.623
15.2,1.681
15.4,1.737
15.6,1.794
15.8,1.85
16,1.907
15.8,1.713
15.6,1.52
15.4,1.329
15.2,1.142
15,0.962
14.8,0.792
14.6,0.648
14.4,0.527
14.2,0.435
14,0.351
13.8,0.271
13.6,0.217
13.4,0.174
13.2,0.131
13,0.095
12.8,0.063
12.6,0.032
12.4,0.01
12.2,-0.01
12,-0.023
11.8,-0.034
11.6,-0.039
11.4,-0.044
11.2,-0.048
11,-0.05
10.8,-0.052
10.6,-0.054
10.4,-0.056
10.2,-0.058
10,-0.06
9.8,-0.063
9.6,-0.066
9.4,-0.068
9.2,-0.071
9,-0.074
8.8,-0.076
8.6,-0.079
8.4,-0.086
8.2,-0.096
8,-0.107
7.8,-0.118
7.6,-0.129
7.4,-0.14
7.2,-0.15
7,-0.159
6.8,-0.168
6.6,-0.173
6.4,-0.178
6.2,-0.184
6,-0.189
5.8,-0.195
5.6,-0.201
5.4,-0.206
5.2,-0.211
5,-0.217
4.8,-0.222
4.6,-0.227
4.4,-0.233
4.2,-0.238
4,-0.243
3.8,-0.249
3.6,-0.254
3.4,-0.26
3.2,-0.268
3,-0.275
2.8,-0.283
2.6,-0.291
2.4,-0.299
2.2,-0.306
2,-0.314
1.8,-0.323
1.6,-0.331
1.4,-0.34
1.2,-0.348
1,-0.357
0.8,-0.365
0.6,-0.374
0.4,-0.382
0.2,-0.39
0,-0.398
-0.2,-0.405
-0.4,-0.413
-0.6,-0.42
-0.8,-0.429
-1,-0.438
-1.2,-0.447
-1.4,-0.455
-1.6,-0.463
-1.8,-0.472
-2,-0.48
-2.2,-0.494
-2.4,-0.51
-2.6,-0.526
-2.8,-0.542
-3,-0.558
-3.2,-0.574
-3.4,-0.589
-3.6,-0.605
-3.8,-0.626
-4,-0.647
-4.2,-0.669
-4.4,-0.69
-4.6,-0.711
-4.8,-0.732
-5,-0.753
-5.2,-0.783
-5.4,-0.834
-5.6,-0.885
-5.8,-0.936
-6,-0.992
-6.2,-1.069
-6.4,-1.145
-6.6,-1.221
-6.8,-1.295
-7,-1.367
-7.2,-1.438
-7.4,-1.504
-7.6,-1.568
-7.8,-1.631
-8,-1.695
-7.8,-1.502
-7.6,-1.31
-7.4,-1.12
-7.2,-0.931
-7,-0.749
-6.8,-0.576
-6.6,-0.417
-6.4,-0.277
-6.2,-0.168
-6,-0.085
-5.8,-0.031
-5.6,0.012
-5.4,0.051
-5.2,0.074
-5,0.08
-4.8,0.086
-4.6,0.092
-4.4,0.097
-4.2,0.1
-4,0.103
-3.8,0.105
-3.6,0.109
-3.4,0.111
-3.2,0.114
-3,0.116
-2.8,0.118
-2.6,0.121
-2.4,0.123
-2.2,0.125
-2,0.127
-1.8,0.129
-1.6,0.131
-1.4,0.134
-1.2,0.139
-1,0.145
-0.8,0.153
-0.6,0.162
-0.4,0.171
-0.2,0.18
0,0.19
0.2,0.199
0.4,0.209
0.6,0.219
0.8,0.232
1,0.245
1.2,0.261
1.4,0.277
1.6,0.292
1.8,0.307
2,0.319
2.2,0.331
2.4,0.339
2.6,0.347
2.8,0.355
3,0.363
3.2,0.37
3.4,0.378
3.6,0.386
3.8,0.394
4,0.401
4.2,0.409
4.4,0.417
4.6,0.425
4.8,0.432
5,0.441
5.2,0.45
5.4,0.458
5.6,0.467
5.8,0.475
6,0.484
6.2,0.492
6.4,0.501
6.6,0.509
6.8,0.517
7,0.526
7.2,0.534
7.4,0.542
7.6,0.55
7.8,0.559
8,0.567
8.2,0.575
8.4,0.585
8.6,0.592
8.8,0.6
9,0.616
9.2,0.631
9.4,0.646
9.6,0.66
9.8,0.675
10,0.69
10.2,0.705
10.4,0.72
10.6,0.734
10.8,0.749
11,0.763
11.2,0.778
11.4,0.792
11.6,0.807
11.8,0.821
12,0.84
12.2,0.859
12.4,0.878
12.6,0.897
12.8,0.915
13,0.95
13.2,0.985
13.4,1.02
13.6,1.055
13.8,1.091
14,1.135
14.2,1.179
14.4,1.223
14.6,1.282
14.8,1.339
15,1.403
15.2,1.466
15.4,1.523
15.6,1.58
15.8,1.637
16,1.694
15.8,1.499
15.6,1.306
15.4,1.115
15.2,0.93
15,0.765
14.8,0.627
14.6,0.522
14.4,0.423
14.2,0.334
14,0.287
13.8,0.244
13.6,0.201
13.4,0.158
13.2,0.127
13,0.095
12.8,0.063
12.6,0.034
12.4,0.01
12.2,-0.01
12,-0.026
11.8,-0.037
11.6,-0.044
11.4,-0.047
11.2,-0.049
11,-0.051
10.8,-0.053
10.6,-0.056
10.4,-0.058
10.2,-0.06
10,-0.062
9.8,-0.064
9.6,-0.066
9.4,-0.068
9.2,-0.071
9,-0.073
8.8,-0.076
8.6,-0.079
8.4,-0.082
8.2,-0.084
8,-0.087
7.8,-0.09
7.6,-0.101
7.4,-0.112
7.2,-0.123
7,-0.134
6.8,-0.145
6.6,-0.153
6.4,-0.16
6.2,-0.167
6,-0.175
5.8,-0.182
5.6,-0.188
5.4,-0.194
5.2,-0.201
5,-0.207
4.8,-0.212
4.6,-0.218
4.4,-0.223
4.2,-0.229
4,-0.234
3.8,-0.239
3.6,-0.245
3.4,-0.25
3.2,-0.256
3,-0.261
2.8,-0.267
2.6,-0.275
2.4,-0.282
2.2,-0.29
2,-0.298
1.8,-0.306
1.6,-0.314
1.4,-0.322
1.2,-0.33
1,-0.339
0.8,-0.348
0.6,-0.356
0.4,-0.365
0.2,-0.374
0,-0.382
-0.2,-0.39
-0.4,-0.399
-0.6,-0.407
-0.8,-0.416
-1,-0.424
-1.2,-0.435
-1.4,-0.445
-1.6,-0.454
-1.8,-0.464
-2,-0.473
-2.2,-0.482
-2.4,-0.49
-2.6,-0.502
-2.8,-0.519
-3,-0.534
-3.2,-0.55
-3.4,-0.566
-3.6,-0.582
-3.8,-0.597
-4,-0.613
-4.2,-0.634
-4.4,-0.655
-4.6,-0.676
-4.8,-0.697
-5,-0.718
-5.2,-0.738
-5.4,-0.759
-5.6,-0.785
-5.8,-0.835
-6,-0.886
-6.2,-0.936
-6.4,-0.992
-6.6,-1.068
-6.8,-1.143
-7,-1.218
-7.2,-1.293
-7.4,-1.367
-7.6,-1.439
-7.8,-1.51
-8,-1.574
-7.8,-1.381
-7.6,-1.189
-7.4,-0.998
-7.2,-0.81
-7,-0.629
-6.8,-0.456
-6.6,-0.325
-6.4,-0.217
-6.2,-0.138
-6,-0.081
-5.8,-0.038
-5.6,0.006
-5.4,0.045
-5.2,0.072
-5,0.08
-4.8,0.086
-4.6,0.092
-4.4,0.097
-4.2,0.099
-4,0.102
-3.8,0.104
-3.6,0.107
-3.4,0.109
-3.2,0.112
-3,0.114
-2.8,0.116
-2.6,0.119
-2.4,0.121
-2.2,0.123
-2,0.124
-1.8,0.126
-1.6,0.128
-1.4,0.13
-1.2,0.132
-1,0.134
-0.8,0.14
-0.6,0.146
-0.4,0.154
-0.2,0.162
0,0.172
0.2,0.181
0.4,0.191
0.6,0.2
0.8,0.21
1,0.219
1.2,0.232
1.4,0.245
1.6,0.258
1.8,0.273
2,0.288
2.2,0.302
2.4,0.316
2.6,0.328
2.8,0.338
3,0.346
3.2,0.354
3.4,0.362
3.6,0.369
3.8,0.376
4,0.384
4.2,0.392
4.4,0.4
4.6,0.408
4.8,0.415
5,0.423
5.2,0.431
5.4,0.439
5.6,0.447
5.8,0.454
6,0.463
6.2,0.471
6.4,0.48
6.6,0.488
6.8,0.497
7,0.505
7.2,0.514
7.4,0.522
7.6,0.531
7.8,0.539
8,0.547
8.2,0.556
8.4,0.564
8.6,0.572
8.8,0.58
9,0.588
9.2,0.596
9.4,0.606
9.6,0.613
9.8,0.629
10,0.644
10.2,0.659
10.4,0.674
10.6,0.689
10.8,0.703
11,0.718
11.2,0.732
11.4,0.747
11.6,0.762
11.8,0.776
12,0.79
12.2,0.805
12.4,0.819
12.6,0.833
12.8,0.852
13,0.87
13.2,0.889
13.4,0.908
13.6,0.926
13.8,0.961
14,0.996
14.2,1.03
14.4,1.069
14.6,1.113
14.8,1.157
15,1.216
15.2,1.278
15.4,1.343
15.6,1.406
15.8,1.47
16,1.532
16.2,1.589
16.4,1.645
16.6,1.702
16.8,1.759
17,1.815
17.2,1.872
17.4,1.927
17.6,1.973
17.8,2.013
18,2.039
18.2,2.059
18.4,2.078
18.6,2.094
18.8,2.096
19,2.093
19.2,2.088
19.4,2.083
19.6,2.077
19.8,2.071
20,2.063
20.2,2.055
20.4,2.045
20.6,2.035
20.8,2.025
21,2.014
21.2,2.003
21.4,1.992
21.6,1.98
21.8,1.969
22,1.957
22.2,1.946
22.4,1.934
22.6,1.921
22.8,1.909
23,1.896
23.2,1.884
23.4,1.871
23.6,1.859
23.8,1.846
24,1.833
24.2,1.82
24.4,1.807
24.6,1.795
24.8,1.782
25,1.77
25.2,1.758
25.4,1.746
25.6,1.734
25.8,1.722
26,1.711
26.2,1.7
26.4,1.689
26.6,1.678
26.8,1.667
27,1.655
27.2,1.644
27.4,1.632
27.6,1.62
27.8,1.608
28,1.598
28.2,1.587
28.4,1.577
28.6,1.567
28.8,1.557
29,1.547
29.2,1.537
29.4,1.528
29.6,1.518
29.8,1.509
30,1.5
30.2,1.491
30.4,1.482
30.6,1.474
30.8,1.465
31,1.456
31.2,1.448
31.4,1.44
31.6,1.431
31.8,1.421
32,1.41
31.8,1.271
31.6,1.147
31.4,1.027
31.2,0.923
31,0.821
30.8,0.728
30.6,0.649
30.4,0.588
30.2,0.539
30,0.501
29.8,0.467
29.6,0.434
29.4,0.401
29.2,0.369
29,0.337
28.8,0.307
28.6,0.287
28.4,0.266
28.2,0.246
28,0.225
27.8,0.205
27.6,0.184
27.4,0.164
27.2,0.147
27,0.131
26.8,0.122
26.6,0.113
26.4,0.104
26.2,0.096
26,0.088
25.8,0.08
25.6,0.072
25.4,0.064
25.2,0.059
25,0.054
24.8,0.049
24.6,0.045
24.4,0.042
24.2,0.038
24,0.035
23.8,0.031
23.6,0.028
23.4,0.025
23.2,0.022
23,0.019
22.8,0.016
22.6,0.013
22.4,0.01
22.2,0.007
22,0.005
21.8,0.002
21.6,0
21.4,-0.002
21.2,-0.005
21,-0.007
20.8,-0.009
20.6,-0.011
20.4,-0.014
20.2,-0.016
20,-0.017
19.8,-0.018
19.6,-0.019
19.4,-0.021
19.2,-0.022
19,-0.023
18.8,-0.024
18.6,-0.025
18.4,-0.026
18.2,-0.028
18,-0.029
17.8,-0.031
17.6,-0.032
17.4,-0.034
17.2,-0.035
17,-0.037
16.8,-0.038
16.6,-0.04
16.4,-0.041
16.2,-0.043
16,-0.044
15.8,-0.045
15.6,-0.047
15.4,-0.048
15.2,-0.049
15,-0.051
14.8,-0.052
14.6,-0.053
14.4,-0.055
14.2,-0.056
14,-0.058
13.8,-0.059
13.6,-0.061
13.4,-0.062
13.2,-0.063
13,-0.065
12.8,-0.067
12.6,-0.068
12.4,-0.07
12.2,-0.072
12,-0.073
11.8,-0.075
11.6,-0.076
11.4,-0.078
11.2,-0.079
11,-0.082
10.8,-0.084
10.6,-0.086
10.4,-0.088
10.2,-0.091
10,-0.093
9.8,-0.095
9.6,-0.1
9.4,-0.107
9.2,-0.114
9,-0.123
8.8,-0.131
8.6,-0.136
8.4,-0.142
8.2,-0.147
8,-0.152
7.8,-0.156
7.6,-0.16
7.4,-0.164
7.2,-0.168
7,-0.173
6.8,-0.178
6.6,-0.182
6.4,-0.187
6.2,-0.191
6,-0.196
5.8,-0.201
5.6,-0.205
5.4,-0.21
5.2,-0.214
5,-0.22
4.8,-0.225
4.6,-0.231
4.4,-0.238
4.2,-0.245
4,-0.252
3.8,-0.259
3.6,-0.266
3.4,-0.273
3.2,-0.279
3,-0.286
2.8,-0.293
2.6,-0.299
2.4,-0.306
2.2,-0.312
2,-0.319
1.8,-0.326
1.6,-0.333
1.4,-0.341
1.2,-0.348
1,-0.355
0.8,-0.363
0.6,-0.37
0.4,-0.379
0.2,-0.387
0,-0.394
-0.2,-0.401
-0.4,-0.409
-0.6,-0.416
-0.8,-0.429
-1,-0.442
-1.2,-0.455
-1.4,-0.468
-1.6,-0.481
-1.8,-0.494
-2,-0.509
-2.2,-0.524
-2.4,-0.538
-2.6,-0.552
-2.8,-0.567
-3,-0.581
-3.2,-0.596
-3.4,-0.61
-3.6,-0.624
-3.8,-0.638
-4,-0.653
-4.2,-0.667
-4.4,-0.681
-4.6,-0.696
-4.8,-0.71
-5,-0.727
-5.2,-0.759
-5.4,-0.79
-5.6,-0.821
-5.8,-0.853
-6,-0.884
-6.2,-0.915
-6.4,-0.959
-6.6,-1.015
-6.8,-1.081
-7,-1.148
-7.2,-1.214
-7.4,-1.28
-7.6,-1.346
-7.8,-1.41
-8,-1.474
-8.2,-1.538
-8.4,-1.6
-8.6,-1.662
-8.8,-1.724
-9,-1.786
-9.2,-1.848
-9.4,-1.903
-9.6,-1.928
-9.8,-1.944
-10,-1.956
-10.2,-1.968
-10.4,-1.98
-10.6,-1.992
-10.8,-2.003
-11,-2.014
-11.2,-2.025
-11.4,-2.036
-11.6,-2.046
-11.8,-2.057
-12,-2.067
-12.2,-2.077
-12.4,-2.085
-12.6,-2.094
-12.8,-2.102
-13,-2.108
-13.2,-2.115
-13.4,-2.121
-13.6,-2.126
-13.8,-2.131
-14,-2.136
-14.2,-2.141
-14.4,-2.145
-14.6,-2.149
-14.8,-2.152
-15,-2.155
-15.2,-2.158
-15.4,-2.16
-15.6,-2.162
-15.8,-2.162
-16,-2.162
-15.8,-1.97
-15.6,-1.778
-15.4,-1.587
-15.2,-1.397
-15,-1.211
-14.8,-1.036
-14.6,-0.875
-14.4,-0.724
-14.2,-0.597
-14,-0.477
-13.8,-0.383
-13.6,-0.303
-13.4,-0.223
-13.2,-0.155
-13,-0.112
-12.8,-0.075
-12.6,-0.047
-12.4,-0.025
-12.2,-0.008
-12,0.005
-11.8,0.015
-11.6,0.022
-11.4,0.026
-11.2,0.03
-11,0.031
-10.8,0.033
-10.6,0.035
-10.4,0.036
-10.2,0.038
-10,0.04
-9.8,0.041
-9.6,0.043
-9.4,0.044
-9.2,0.046
-9,0.048
-8.8,0.049
-8.6,0.051
-8.4,0.053
-8.2,0.054
-8,0.056
-7.8,0.057
-7.6,0.059
-7.4,0.061
-7.2,0.062
-7,0.064
-6.8,0.066
-6.6,0.067
-6.4,0.069
-6.2,0.07
-6,0.072
-5.8,0.074
-5.6,0.075
-5.4,0.076
-5.2,0.078
-5,0.079
-4.8,0.08
-4.6,0.082
-4.4,0.083
-4.2,0.084
-4,0.085
-3.8,0.087
-3.6,0.088
-3.4,0.089
-3.2,0.091
-3,0.092
-2.8,0.093
-2.6,0.094
-2.4,0.096
-2.2,0.097
-2,0.098
-1.8,0.1
-1.6,0.101
-1.4,0.102
-1.2,0.104
-1,0.105
-0.8,0.106
-0.6,0.108
-0.4,0.109
-0.2,0.111
0,0.112
0.2,0.113
0.4,0.115
0.6,0.116
0.8,0.118
1,0.119
1.2,0.121
1.4,0.122
1.6,0.123
1.8,0.125
2,0.126
2.2,0.127
2.4,0.129
2.6,0.131
2.8,0.133
3,0.135
3.2,0.137
3.4,0.139
3.6,0.141
3.8,0.143
4,0.145
4.2,0.147
4.4,0.149
4.6,0.151
4.8,0.153
5,0.155
5.2,0.157
5.4,0.159
5.6,0.161
5.8,0.163
6,0.169
6.2,0.174
6.4,0.179
6.6,0.185
6.8,0.19
7,0.195
7.2,0.2
7.4,0.207
7.6,0.213
7.8,0.219
8,0.225
8.2,0.231
8.4,0.237
8.6,0.243
8.8,0.249
9,0.254
9.2,0.26
9.4,0.266
9.6,0.272
9.8,0.28
10,0.286
10.2,0.292
10.4,0.299
10.6,0.305
10.8,0.31
11,0.316
11.2,0.321
11.4,0.327
11.6,0.333
11.8,0.338
12,0.344
12.2,0.349
12.4,0.355
12.6,0.36
12.8,0.366
13,0.371
13.2,0.377
13.4,0.382
13.6,0.388
13.8,0.393
14,0.399
14.2,0.404
14.4,0.409
14.6,0.414
14.8,0.419
15,0.424
15.2,0.429
15.4,0.434
15.6,0.442
15.8,0.451
16,0.459
16.2,0.467
16.4,0.475
16.6,0.483
16.8,0.491
17,0.499
17.2,0.507
17.4,0.515
17.6,0.522
17.8,0.53
18,0.538
18.2,0.547
18.4,0.556
18.6,0.564
18.8,0.573
19,0.582
19.2,0.591
19.4,0.599
19.6,0.608
19.8,0.617
20,0.625
20.2,0.634
20.4,0.643
20.6,0.651
20.8,0.66
21,0.669
21.2,0.677
21.4,0.686
21.6,0.695
21.8,0.703
22,0.712
22.2,0.72
22.4,0.729
22.6,0.739
22.8,0.748
23,0.758
23.2,0.767
23.4,0.777
23.6,0.786
23.8,0.796
24,0.805
24.2,0.814
24.4,0.823
24.6,0.834
24.8,0.849
25,0.864
25.2,0.879
25.4,0.894
25.6,0.909
25.8,0.924
26,0.939
26.2,0.954
26.4,0.968
26.6,0.983
26.8,0.998
27,1.013
27.2,1.027
27.4,1.042
27.6,1.061
27.8,1.079
28,1.097
28.2,1.115
28.4,1.129
28.6,1.144
28.8,1.151
29,1.149
29.2,1.145
29.4,1.156
29.6,1.149
29.8,1.143
30,1.137
30.2,1.131
30.4,1.125
30.6,1.12
30.8,1.114
31,1.108
31.2,1.102
31.4,1.097
31.6,1.091
31.8,1.085
32,1.08
31.8,0.961
31.6,0.861
31.4,0.762
31.2,0.671
31,0.588
30.8,0.523
30.6,0.466
30.4,0.414
30.2,0.37
30,0.337
29.8,0.321
29.6,0.304
29.4,0.288
29.2,0.272
29,0.257
28.8,0.241
28.6,0.225
28.4,0.21
28.2,0.194
28,0.178
27.8,0.163
27.6,0.147
27.4,0.131
27.2,0.12
27,0.11
26.8,0.1
26.6,0.091
26.4,0.081
26.2,0.071
26,0.061
25.8,0.051
25.6,0.043
25.4,0.036
25.2,0.029
25,0.024
24.8,0.018
24.6,0.015
24.4,0.011
24.2,0.007
24,0.004
23.8,0
23.6,-0.004
23.4,-0.007
23.2,-0.011
23,-0.015
22.8,-0.017
22.6,-0.019
22.4,-0.021
22.2,-0.023
22,-0.025
21.8,-0.027
21.6,-0.03
21.4,-0.032
21.2,-0.034
21,-0.035
20.8,-0.037
20.6,-0.038
20.4,-0.04
20.2,-0.041
20,-0.043
19.8,-0.044
19.6,-0.046
19.4,-0.047
19.2,-0.049
19,-0.05
18.8,-0.052
18.6,-0.054
18.4,-0.055
18.2,-0.057
18,-0.058
17.8,-0.059
17.6,-0.061
17.4,-0.062
17.2,-0.063
17,-0.064
16.8,-0.065
16.6,-0.066
16.4,-0.067
16.2,-0.069
16,-0.07
15.8,-0.071
15.6,-0.072
15.4,-0.073
15.2,-0.074
15,-0.075
14.8,-0.076
14.6,-0.077
14.4,-0.079
14.2,-0.08
14,-0.081
13.8,-0.082
13.6,-0.084
13.4,-0.085
13.2,-0.086
13,-0.088
12.8,-0.089
12.6,-0.09
12.4,-0.091
12.2,-0.093
12,-0.094
11.8,-0.095
11.6,-0.096
11.4,-0.097
11.2,-0.099
11,-0.1
10.8,-0.101
10.6,-0.102
10.4,-0.103
10.2,-0.104
10,-0.105
9.8,-0.106
9.6,-0.107
9.4,-0.108
9.2,-0.109
9,-0.11
8.8,-0.111
8.6,-0.112
8.4,-0.113
8.2,-0.114
8,-0.115
7.8,-0.116
7.6,-0.118
7.4,-0.119
7.2,-0.12
7,-0.121
6.8,-0.122
6.6,-0.123
6.4,-0.125
6.2,-0.126
6,-0.127
5.8,-0.128
5.6,-0.13
5.4,-0.131
5.2,-0.132
5,-0.134
4.8,-0.135
4.6,-0.136
4.4,-0.137
4.2,-0.139
4,-0.141
3.8,-0.142
3.6,-0.145
3.4,-0.148
3.2,-0.15
3,-0.153
2.8,-0.155
2.6,-0.158
2.4,-0.16
2.2,-0.163
2,-0.165
1.8,-0.168
1.6,-0.171
1.4,-0.173
1.2,-0.175
1,-0.177
0.8,-0.179
0.6,-0.185
0.4,-0.197
0.2,-0.208
0,-0.22
-0.2,-0.231
-0.4,-0.242
-0.6,-0.253
-0.8,-0.263
-1,-0.273
-1.2,-0.283
-1.4,-0.293
-1.6,-0.302
-1.8,-0.311
-2,-0.318
-2.2,-0.324
-2.4,-0.331
-2.6,-0.337
-2.8,-0.343
-3,-0.351
-3.2,-0.359
-3.4,-0.367
-3.6,-0.374
-3.8,-0.382
-4,-0.389
-4.2,-0.396
-4.4,-0.403
-4.6,-0.409
-4.8,-0.416
-5,-0.422
-5.2,-0.428
-5.4,-0.434
-5.6,-0.439
-5.8,-0.45
-6,-0.46
-6.2,-0.47
-6.4,-0.482
-6.6,-0.494
-6.8,-0.506
-7,-0.517
-7.2,-0.529
-7.4,-0.541
-7.6,-0.552
-7.8,-0.564
-8,-0.577
-8.2,-0.589
-8.4,-0.601
-8.6,-0.614
-8.8,-0.626
-9,-0.638
-9.2,-0.65
-9.4,-0.663
-9.6,-0.675
-9.8,-0.687
-10,-0.699
-10.2,-0.716
-10.4,-0.732
-10.6,-0.749
-10.8,-0.765
-11,-0.781
-11.2,-0.799
-11.4,-0.823
-11.6,-0.846
-11.8,-0.87
-12,-0.893
-12.2,-0.928
-12.4,-0.963
-12.6,-0.998
-12.8,-1.033
-13,-1.068
-13.2,-1.102
-13.4,-1.137
-13.6,-1.18
-13.8,-1.238
-14,-1.296
-14.2,-1.353
-14.4,-1.409
-14.6,-1.473
-14.8,-1.536
-15,-1.597
-15.2,-1.657
-15.4,-1.716
-15.6,-1.774
-15.8,-1.831
-16,-1.889
-15.8,-1.695
-15.6,-1.502
-15.4,-1.311
-15.2,-1.122
-15,-0.939
-14.8,-0.775
-14.6,-0.629
-14.4,-0.517
-14.2,-0.431
-14,-0.349
-13.8,-0.276
-13.6,-0.229
-13.4,-0.186
-13.2,-0.143
-13,-0.105
-12.8,-0.073
-12.6,-0.042
-12.4,-0.018
-12.2,0.002
-12,0.017
-11.8,0.024
-11.6,0.028
-11.4,0.031
-11.2,0.034
-11,0.036
-10.8,0.037
-10.6,0.039
-10.4,0.041
-10.2,0.042
-10,0.044
-9.8,0.046
-9.6,0.048
-9.4,0.05
-9.2,0.051
-9,0.053
-8.8,0.055
-8.6,0.057
-8.4,0.058
-8.2,0.06
-8,0.062
-7.8,0.064
-7.6,0.065
-7.4,0.067
-7.2,0.069
-7,0.07
-6.8,0.072
-6.6,0.074
-6.4,0.075
-6.2,0.077
-6,0.079
-5.8,0.08
-5.6,0.082
-5.4,0.083
-5.2,0.085
-5,0.087
-4.8,0.088
-4.6,0.089
-4.4,0.091
-4.2,0.092
-4,0.093
-3.8,0.094
-3.6,0.096
-3.4,0.097
-3.2,0.098
-3,0.099
-2.8,0.101
-2.6,0.102
-2.4,0.103
-2.2,0.104
-2,0.106
-1.8,0.107
-1.6,0.108
-1.4,0.109
-1.2,0.111
-1,0.112
-0.8,0.113
-0.6,0.113
-0.4,0.114
-0.2,0.115
0,0.116
0.2,0.117
0.4,0.118
0.6,0.119
0.8,0.12
1,0.121
1.2,0.122
1.4,0.124
1.6,0.125
1.8,0.126
2,0.127
2.2,0.128
2.4,0.129
2.6,0.13
2.8,0.131
3,0.133
3.2,0.134
3.4,0.135
3.6,0.136
3.8,0.137
4,0.138
4.2,0.139
4.4,0.14
4.6,0.142
4.8,0.143
5,0.144
5.2,0.145
5.4,0.146
5.6,0.147
5.8,0.148
6,0.149
6.2,0.151
6.4,0.152
6.6,0.154
6.8,0.155
7,0.157
7.2,0.159
7.4,0.161
7.6,0.162
7.8,0.164
8,0.166
8.2,0.168
8.4,0.17
8.6,0.172
8.8,0.174
9,0.176
9.2,0.178
9.4,0.181
9.6,0.183
9.8,0.186
10,0.188
10.2,0.191
10.4,0.193
10.6,0.196
10.8,0.198
11,0.201
11.2,0.203
11.4,0.206
11.6,0.208
11.8,0.211
12,0.213
12.2,0.216
12.4,0.22
12.6,0.223
12.8,0.228
13,0.233
13.2,0.238
13.4,0.244
13.6,0.249
13.8,0.254
14,0.26
14.2,0.266
14.4,0.272
14.6,0.277
14.8,0.283
15,0.289
15.2,0.295
15.4,0.301
15.6,0.306
15.8,0.312
16,0.318
16.2,0.324
16.4,0.329
16.6,0.335
16.8,0.341
17,0.346
17.2,0.352
17.4,0.361
17.6,0.369
17.8,0.377
18,0.385
18.2,0.391
18.4,0.397
18.6,0.403
18.8,0.408
19,0.417
19.2,0.426
19.4,0.435
19.6,0.443
19.8,0.451
20,0.459
20.2,0.466
20.4,0.473
20.6,0.48
20.8,0.487
21,0.494
21.2,0.501
21.4,0.508
21.6,0.515
21.8,0.522
22,0.529
22.2,0.535
22.4,0.542
22.6,0.549
22.8,0.556
23,0.563
23.2,0.57
23.4,0.577
23.6,0.583
23.8,0.59
24,0.597
24.2,0.604
24.4,0.611
24.6,0.619
24.8,0.628
25,0.637
25.2,0.645
25.4,0.654
25.6,0.662
25.8,0.671
26,0.679
26.2,0.688
26.4,0.697
26.6,0.705
26.8,0.714
27,0.722
27.2,0.731
27.4,0.739
27.6,0.748
27.8,0.757
28,0.77
28.2,0.784
28.4,0.798
28.6,0.811
28.8,0.825
29,0.839
29.2,0.853
29.4,0.869
29.6,0.885
29.8,0.9
30,0.916
30.2,0.932
30.4,0.946
30.6,0.964
30.8,0.978
31,0.985
31.2,0.99
31.4,0.988
31.6,0.984
31.8,0.98
32,0.975
31.8,0.862
31.6,0.763
31.4,0.675
31.2,0.596
31,0.52
30.8,0.451
30.6,0.399
30.4,0.365
30.2,0.333
30,0.306
29.8,0.285
29.6,0.268
29.4,0.252
29.2,0.235
29,0.219
28.8,0.203
28.6,0.187
28.4,0.171
28.2,0.156
28,0.145
27.8,0.135
27.6,0.125
27.4,0.115
27.2,0.105
27,0.095
26.8,0.087
26.6,0.08
26.4,0.073
26.2,0.066
26,0.059
25.8,0.051
25.6,0.044
25.4,0.037
25.2,0.031
25,0.025
24.8,0.021
24.6,0.017
24.4,0.013
24.2,0.009
24,0.006
23.8,0.002
23.6,-0.002
23.4,-0.005
23.2,-0.009
23,-0.013
22.8,-0.016
22.6,-0.018
22.4,-0.02
22.2,-0.022
22,-0.024
21.8,-0.026
21.6,-0.028
21.4,-0.031
21.2,-0.033
21,-0.034
20.8,-0.036
20.6,-0.038
20.4,-0.04
20.2,-0.042
20,-0.043
19.8,-0.045
19.6,-0.047
19.4,-0.049
19.2,-0.05
19,-0.052
18.8,-0.054
18.6,-0.056
18.4,-0.057
18.2,-0.059
18,-0.061
17.8,-0.062
17.6,-0.064
17.4,-0.066
17.2,-0.068
17,-0.069
16.8,-0.071
16.6,-0.073
16.4,-0.074
16.2,-0.075
16,-0.077
15.8,-0.078
15.6,-0.079
15.4,-0.08
15.2,-0.081
15,-0.082
14.8,-0.083
14.6,-0.084
14.4,-0.085
14.2,-0.085
14,-0.086
13.8,-0.087
13.6,-0.088
13.4,-0.089
13.2,-0.09
13,-0.091
12.8,-0.092
12.6,-0.092
12.4,-0.093
12.2,-0.094
12,-0.095
11.8,-0.095
11.6,-0.096
11.4,-0.097
11.2,-0.098
11,-0.099
10.8,-0.1
10.6,-0.101
10.4,-0.102
10.2,-0.103
10,-0.104
9.8,-0.105
9.6,-0.107
9.4,-0.108
9.2,-0.109
9,-0.11
8.8,-0.111
8.6,-0.112
8.4,-0.113
8.2,-0.114
8,-0.116
7.8,-0.117
7.6,-0.118
7.4,-0.119
7.2,-0.12
7,-0.122
6.8,-0.123
6.6,-0.124
6.4,-0.125
6.2,-0.126
6,-0.128
5.8,-0.129
5.6,-0.13
5.4,-0.131
5.2,-0.133
5,-0.134
4.8,-0.136
4.6,-0.137
4.4,-0.138
4.2,-0.139
4,-0.14
3.8,-0.141
3.6,-0.143
3.4,-0.144
3.2,-0.146
3,-0.147
2.8,-0.149
2.6,-0.15
2.4,-0.152
2.2,-0.154
2,-0.155
1.8,-0.157
1.6,-0.159
1.4,-0.16
1.2,-0.162
1,-0.164
0.8,-0.165
0.6,-0.167
0.4,-0.169
0.2,-0.171
0,-0.172
-0.2,-0.174
-0.4,-0.176
-0.6,-0.179
-0.8,-0.182
-1,-0.184
-1.2,-0.187
-1.4,-0.189
-1.6,-0.192
-1.8,-0.194
-2,-0.197
-2.2,-0.2
-2.4,-0.202
-2.6,-0.205
-2.8,-0.207
-3,-0.21
-3.2,-0.212
-3.4,-0.221
-3.6,-0.232
-3.8,-0.244
-4,-0.255
-4.2,-0.267
-4.4,-0.278
-4.6,-0.29
-4.8,-0.301
-5,-0.312
-5.2,-0.323
-5.4,-0.335
-5.6,-0.35
-5.8,-0.366
-6,-0.381
-6.2,-0.395
-6.4,-0.408
-6.6,-0.417
-6.8,-0.426
-7,-0.435
-7.2,-0.443
-7.4,-0.455
-7.6,-0.467
-7.8,-0.478
-8,-0.492
-8.2,-0.506
-8.4,-0.519
-8.6,-0.533
-8.8,-0.546
-9,-0.561
-9.2,-0.576
-9.4,-0.591
-9.6,-0.606
-9.8,-0.621
-10,-0.636
-10.2,-0.649
-10.4,-0.662
-10.6,-0.675
-10.8,-0.688
-11,-0.701
-11.2,-0.718
-11.4,-0.734
-11.6,-0.751
-11.8,-0.768
-12,-0.784
-12.2,-0.808
-12.4,-0.832
-12.6,-0.856
-12.8,-0.879
-13,-0.903
-13.2,-0.937
-13.4,-0.972
-13.6,-1.007
-13.8,-1.042
-14,-1.076
-14.2,-1.119
-14.4,-1.161
-14.6,-1.218
-14.8,-1.276
-15,-1.333
-15.2,-1.4
-15.4,-1.467
-15.6,-1.532
-15.8,-1.597
-16,-1.661
-15.8,-1.466
-15.6,-1.272
-15.4,-1.079
-15.2,-0.897
-15,-0.727
-14.8,-0.604
-14.6,-0.5
-14.4,-0.405
-14.2,-0.334
-14,-0.291
-13.8,-0.248
-13.6,-0.206
-13.4,-0.163
-13.2,-0.131
-13,-0.1
-12.8,-0.068
-12.6,-0.04
-12.4,-0.017
-12.2,0.003
-12,0.022
-11.8,0.032
-11.6,0.034
-11.4,0.035
-11.2,0.037
-11,0.038
-10.8,0.039
-10.6,0.041
-10.4,0.042
-10.2,0.044
-10,0.045
-9.8,0.046
-9.6,0.048
-9.4,0.049
-9.2,0.051
-9,0.052
-8.8,0.054
-8.6,0.056
-8.4,0.057
-8.2,0.059
-8,0.061
-7.8,0.063
-7.6,0.065
-7.4,0.066
-7.2,0.068
-7,0.07
-6.8,0.072
-6.6,0.073
-6.4,0.075
-6.2,0.077
-6,0.079
-5.8,0.08
-5.6,0.082
-5.4,0.084
-5.2,0.086
-5,0.088
-4.8,0.089
-4.6,0.091
-4.4,0.093
-4.2,0.094
-4,0.095
-3.8,0.097
-3.6,0.098
-3.4,0.099
-3.2,0.1
-3,0.102
-2.8,0.103
-2.6,0.104
-2.4,0.105
-2.2,0.107
-2,0.108
-1.8,0.108
-1.6,0.109
-1.4,0.11
-1.2,0.111
-1,0.112
-0.8,0.113
-0.6,0.114
-0.4,0.115
-0.2,0.116
0,0.117
