Disp(mm)  Force(kN)
0,0
0.2,0.189
0.4,0.365
0.6,0.514
0.8,0.63
1,0.726
1.2,0.812
1.4,0.892
1.6,0.966
1.8,1.034
2,1.097
2.2,1.154
2.4,1.207
2.6,1.251
2.8,1.288
3,1.322
3.2,1.354
3.4,1.383
3.6,1.411
3.8,1.438
4,1.463
4.2,1.487
4.4,1.51
4.6,1.532
4.8,1.553
5,1.573
5.2,1.593
5.4,1.612
5.6,1.63
5.8,1.648
6,1.665
6.2,1.682
6.4,1.699
6.6,1.715
6.8,1.731
7,1.746
7.2,1.762
7.4,1.776
7.6,1.791
7.8,1.806
8,1.82
8.2,1.834
8.4,1.848
8.6,1.861
8.8,1.875
9,1.888
9.2,1.901
9.4,1.914
9.6,1.927
9.8,1.939
10,1.952
10.2,1.964
10.4,1.976
10.6,1.988
10.8,1.999
11,2.01
11.2,2.021
11.4,2.032
11.6,2.042
11.8,2.052
12,2.062
12.2,2.072
12.4,2.081
12.6,2.089
12.8,2.096
13,2.103
13.2,2.109
13.4,2.115
13.6,2.121
13.8,2.126
14,2.131
14.2,2.135
14.4,2.139
14.6,2.143
14.8,2.146
15,2.149
15.2,2.152
15.4,2.155
15.6,2.157
15.8,2.157
16,2.157
16.2,2.156
16.4,2.155
16.6,2.153
16.8,2.151
17,2.149
17.2,2.145
17.4,2.142
17.6,2.137
17.8,2.133
18,2.128
18.2,2.122
18.4,2.116
18.6,2.11
18.8,2.103
19,2.096
19.2,2.088
19.4,2.078
19.6,2.069
19.8,2.059
20,2.048
20.2,2.037
20.4,2.026
20.6,2.015
20.8,2.004
21,1.992
21.2,1.981
21.4,1.969
21.6,1.957
21.8,1.945
22,1.932
22.2,1.92
22.4,1.907
22.6,1.895
22.8,1.882
23,1.87
23.2,1.857
23.4,1.844
23.6,1.831
23.8,1.818
24,1.806
23.8,1.616
23.6,1.438
23.4,1.282
23.2,1.128
23,0.986
22.8,0.871
22.6,0.781
22.4,0.702
22.2,0.629
22,0.558
21.8,0.499
21.6,0.443
21.4,0.398
21.2,0.354
21,0.309
20.8,0.265
20.6,0.225
20.4,0.191
20.2,0.167
20,0.145
19.8,0.123
19.6,0.105
19.4,0.09
19.2,0.076
19,0.063
18.8,0.049
18.6,0.038
18.4,0.03
18.2,0.023
18,0.016
17.8,0.01
17.6,0.003
17.4,-0.002
17.2,-0.006
17,-0.009
16.8,-0.012
16.6,-0.015
16.4,-0.017
16.2,-0.02
16,-0.022
15.8,-0.025
15.6,-0.027
15.4,-0.028
15.2,-0.03
15,-0.031
14.8,-0.032
14.6,-0.034
14.4,-0.035
14.2,-0.036
14,-0.038
13.8,-0.039
13.6,-0.04
13.4,-0.042
13.2,-0.043
13,-0.045
12.8,-0.046
12.6,-0.048
12.4,-0.05
12.2,-0.051
12,-0.053
11.8,-0.055
11.6,-0.056
11.4,-0.058
11.2,-0.06
11,-0.063
10.8,-0.065
10.6,-0.069
10.4,-0.075
10.2,-0.081
10,-0.087
9.8,-0.093
9.6,-0.101
9.4,-0.108
9.2,-0.114
9,-0.12
8.8,-0.126
8.6,-0.131
8.4,-0.136
8.2,-0.141
8,-0.147
7.8,-0.152
7.6,-0.157
7.4,-0.163
7.2,-0.168
7,-0.175
6.8,-0.182
6.6,-0.188
6.4,-0.195
6.2,-0.202
6,-0.209
5.8,-0.216
5.6,-0.222
5.4,-0.229
5.2,-0.236
5,-0.242
4.8,-0.25
4.6,-0.257
4.4,-0.265
4.2,-0.272
4,-0.283
3.8,-0.297
3.6,-0.31
3.4,-0.323
3.2,-0.335
3,-0.346
2.8,-0.359
2.6,-0.375
2.4,-0.39
2.2,-0.406
2,-0.421
1.8,-0.44
1.6,-0.462
1.4,-0.483
1.2,-0.513
1,-0.545
0.8,-0.575
0.6,-0.604
0.4,-0.635
0.2,-0.692
0,-0.747
-0.2,-0.809
-0.4,-0.869
-0.6,-0.925
-0.8,-0.977
-1,-1.025
-1.2,-1.071
-1.4,-1.113
-1.6,-1.153
-1.8,-1.191
-2,-1.226
-2.2,-1.259
-2.4,-1.29
-2.6,-1.32
-2.8,-1.349
-3,-1.376
-3.2,-1.402
-3.4,-1.427
-3.6,-1.45
-3.8,-1.473
-4,-1.495
-4.2,-1.516
-4.4,-1.537
-4.6,-1.557
-4.8,-1.576
-5,-1.594
-5.2,-1.612
-5.4,-1.63
-5.6,-1.647
-5.8,-1.664
-6,-1.68
-6.2,-1.696
-6.4,-1.711
-6.6,-1.727
-6.8,-1.742
-7,-1.756
-7.2,-1.771
-7.4,-1.785
-7.6,-1.799
-7.8,-1.813
-8,-1.827
-8.2,-1.84
-8.4,-1.853
-8.6,-1.866
-8.8,-1.879
-9,-1.892
-9.2,-1.905
-9.4,-1.917
-9.6,-1.93
-9.8,-1.942
-10,-1.954
-10.2,-1.966
-10.4,-1.979
-10.6,-1.99
-10.8,-2.001
-11,-2.011
-11.2,-2.022
-11.4,-2.032
-11.6,-2.043
-11.8,-2.053
-12,-2.063
-12.2,-2.072
-12.4,-2.08
-12.6,-2.088
-12.8,-2.096
-13,-2.103
-13.2,-2.109
-13.4,-2.115
-13.6,-2.12
-13.8,-2.125
-14,-2.13
-14.2,-2.134
-14.4,-2.138
-14.6,-2.142
-14.8,-2.145
-15,-2.148
-15.2,-2.151
-15.4,-2.153
-15.6,-2.154
-15.8,-2.154
-16,-2.154
-16.2,-2.153
-16.4,-2.152
-16.6,-2.15
-16.8,-2.147
-17,-2.144
-17.2,-2.141
-17.4,-2.137
-17.6,-2.132
-17.8,-2.127
-18,-2.122
-18.2,-2.116
-18.4,-2.11
-18.6,-2.103
-18.8,-2.096
-19,-2.088
-19.2,-2.079
-19.4,-2.07
-19.6,-2.06
-19.8,-2.05
-20,-2.039
-20.2,-2.028
-20.4,-2.017
-20.6,-2.006
-20.8,-1.994
-21,-1.983
-21.2,-1.971
-21.4,-1.96
-21.6,-1.947
-21.8,-1.935
-22,-1.922
-22.2,-1.91
-22.4,-1.897
-22.6,-1.885
-22.8,-1.873
-23,-1.86
-23.2,-1.847
-23.4,-1.834
-23.6,-1.821
-23.8,-1.809
-24,-1.796
-23.8,-1.606
-23.6,-1.431
-23.4,-1.275
-23.2,-1.122
-23,-0.98
-22.8,-0.869
-22.6,-0.778
-22.4,-0.7
-22.2,-0.627
-22,-0.555
-21.8,-0.494
-21.6,-0.441
-21.4,-0.396
-21.2,-0.352
-21,-0.307
-20.8,-0.263
-20.6,-0.224
-20.4,-0.19
-20.2,-0.166
-20,-0.144
-19.8,-0.122
-19.6,-0.104
-19.4,-0.089
-19.2,-0.075
-19,-0.062
-18.8,-0.048
-18.6,-0.038
-18.4,-0.029
-18.2,-0.022
-18,-0.015
-17.8,-0.009
-17.6,-0.002
-17.4,0.003
-17.2,0.007
-17,0.01
-16.8,0.013
-16.6,0.016
-16.4,0.018
-16.2,0.021
-16,0.023
-15.8,0.026
-15.6,0.028
-15.4,0.029
-15.2,0.031
-15,0.032
-14.8,0.033
-14.6,0.035
-14.4,0.036
-14.2,0.037
-14,0.039
-13.8,0.04
-13.6,0.041
-13.4,0.043
-13.2,0.044
-13,0.045
-12.8,0.047
-12.6,0.048
-12.4,0.049
-12.2,0.051
-12,0.052
-11.8,0.053
-11.6,0.055
-11.4,0.056
-11.2,0.058
-11,0.059
-10.8,0.061
-10.6,0.062
-10.4,0.064
-10.2,0.065
-10,0.066
-9.8,0.068
-9.6,0.069
-9.4,0.07
-9.2,0.072
-9,0.073
-8.8,0.075
-8.6,0.076
-8.4,0.078
-8.2,0.079
-8,0.081
-7.8,0.082
-7.6,0.084
-7.4,0.085
-7.2,0.087
-7,0.088
-6.8,0.09
-6.6,0.091
-6.4,0.093
-6.2,0.094
-6,0.096
-5.8,0.097
-5.6,0.099
-5.4,0.1
-5.2,0.101
-5,0.103
-4.8,0.104
-4.6,0.107
-4.4,0.11
-4.2,0.114
-4,0.117
-3.8,0.121
-3.6,0.125
-3.4,0.128
-3.2,0.132
-3,0.136
-2.8,0.141
-2.6,0.146
-2.4,0.151
-2.2,0.156
-2,0.161
-1.8,0.167
-1.6,0.172
-1.4,0.177
-1.2,0.182
-1,0.187
-0.8,0.192
-0.6,0.197
-0.4,0.202
-0.2,0.207
0,0.211
0.2,0.217
0.4,0.223
0.6,0.228
0.8,0.234
1,0.24
1.2,0.245
1.4,0.251
1.6,0.257
1.8,0.262
2,0.268
2.2,0.274
2.4,0.279
2.6,0.285
2.8,0.29
3,0.295
3.2,0.3
3.4,0.305
3.6,0.31
3.8,0.315
4,0.32
4.2,0.325
4.4,0.33
4.6,0.335
4.8,0.341
5,0.346
5.2,0.351
5.4,0.356
5.6,0.361
5.8,0.365
6,0.37
6.2,0.375
6.4,0.38
6.6,0.384
6.8,0.389
7,0.393
7.2,0.398
7.4,0.403
7.6,0.409
7.8,0.415
8,0.42
8.2,0.426
8.4,0.431
8.6,0.437
8.8,0.446
9,0.455
9.2,0.464
9.4,0.473
9.6,0.482
9.8,0.491
10,0.5
10.2,0.509
10.4,0.518
10.6,0.527
10.8,0.536
11,0.545
11.2,0.554
11.4,0.563
11.6,0.573
11.8,0.583
12,0.592
12.2,0.602
12.4,0.612
12.6,0.621
12.8,0.631
13,0.64
13.2,0.65
13.4,0.659
13.6,0.669
13.8,0.68
14,0.69
14.2,0.701
14.4,0.711
14.6,0.721
14.8,0.732
15,0.742
15.2,0.752
15.4,0.763
15.6,0.773
15.8,0.783
16,0.794
16.2,0.804
16.4,0.814
16.6,0.825
16.8,0.835
17,0.845
17.2,0.856
17.4,0.866
17.6,0.877
17.8,0.897
18,0.916
18.2,0.936
18.4,0.955
18.6,0.975
18.8,0.994
19,1.014
19.2,1.033
19.4,1.053
19.6,1.072
19.8,1.092
20,1.111
20.2,1.131
20.4,1.15
20.6,1.17
20.8,1.189
21,1.208
21.2,1.227
21.4,1.253
21.6,1.279
21.8,1.313
22,1.347
22.2,1.381
22.4,1.415
22.6,1.449
22.8,1.483
23,1.517
23.2,1.563
23.4,1.609
23.6,1.65
23.8,1.672
24,1.664
23.8,1.475
23.6,1.306
23.4,1.151
23.2,0.997
23,0.861
22.8,0.756
22.6,0.673
22.4,0.597
22.2,0.532
22,0.473
21.8,0.421
21.6,0.376
21.4,0.331
21.2,0.3
21,0.268
20.8,0.239
20.6,0.212
20.4,0.186
20.2,0.163
20,0.14
19.8,0.118
19.6,0.095
19.4,0.079
19.2,0.064
19,0.051
18.8,0.037
18.6,0.023
18.4,0.013
18.2,0.005
18,0
17.8,-0.004
17.6,-0.008
17.4,-0.012
17.2,-0.016
17,-0.02
16.8,-0.024
16.6,-0.026
16.4,-0.029
16.2,-0.031
16,-0.034
15.8,-0.036
15.6,-0.038
15.4,-0.04
15.2,-0.041
15,-0.043
14.8,-0.045
14.6,-0.047
14.4,-0.048
14.2,-0.05
14,-0.052
13.8,-0.053
13.6,-0.055
13.4,-0.056
13.2,-0.058
13,-0.059
12.8,-0.061
12.6,-0.063
12.4,-0.064
12.2,-0.066
12,-0.067
11.8,-0.069
11.6,-0.071
11.4,-0.072
11.2,-0.074
11,-0.076
10.8,-0.077
10.6,-0.079
10.4,-0.081
10.2,-0.082
10,-0.083
9.8,-0.085
9.6,-0.086
9.4,-0.087
9.2,-0.089
9,-0.09
8.8,-0.091
8.6,-0.092
8.4,-0.094
8.2,-0.095
8,-0.096
7.8,-0.098
7.6,-0.099
7.4,-0.101
7.2,-0.102
7,-0.104
6.8,-0.105
6.6,-0.107
6.4,-0.108
6.2,-0.11
6,-0.111
5.8,-0.112
5.6,-0.114
5.4,-0.115
5.2,-0.117
5,-0.118
4.8,-0.12
4.6,-0.121
4.4,-0.122
4.2,-0.123
4,-0.125
3.8,-0.126
3.6,-0.127
3.4,-0.129
3.2,-0.13
3,-0.132
2.8,-0.134
2.6,-0.135
2.4,-0.139
2.2,-0.142
2,-0.145
1.8,-0.149
1.6,-0.153
1.4,-0.157
1.2,-0.161
1,-0.165
0.8,-0.169
0.6,-0.175
0.4,-0.18
0.2,-0.186
0,-0.191
-0.2,-0.197
-0.4,-0.203
-0.6,-0.209
-0.8,-0.215
-1,-0.221
-1.2,-0.227
-1.4,-0.232
-1.6,-0.237
-1.8,-0.243
-2,-0.249
-2.2,-0.255
-2.4,-0.26
-2.6,-0.265
-2.8,-0.271
-3,-0.276
-3.2,-0.281
-3.4,-0.286
-3.6,-0.291
-3.8,-0.296
-4,-0.301
-4.2,-0.306
-4.4,-0.311
-4.6,-0.316
-4.8,-0.321
-5,-0.327
-5.2,-0.332
-5.4,-0.337
-5.6,-0.342
-5.8,-0.347
-6,-0.352
-6.2,-0.356
-6.4,-0.361
-6.6,-0.366
-6.8,-0.37
-7,-0.375
-7.2,-0.379
-7.4,-0.384
-7.6,-0.388
-7.8,-0.393
-8,-0.397
-8.2,-0.402
-8.4,-0.408
-8.6,-0.415
-8.8,-0.422
-9,-0.429
-9.2,-0.438
-9.4,-0.447
-9.6,-0.456
-9.8,-0.465
-10,-0.475
-10.2,-0.484
-10.4,-0.493
-10.6,-0.502
-10.8,-0.511
-11,-0.52
-11.2,-0.529
-11.4,-0.538
-11.6,-0.547
-11.8,-0.556
-12,-0.565
-12.2,-0.574
-12.4,-0.583
-12.6,-0.592
-12.8,-0.601
-13,-0.612
-13.2,-0.622
-13.4,-0.632
-13.6,-0.642
-13.8,-0.652
-14,-0.663
-14.2,-0.673
-14.4,-0.683
-14.6,-0.693
-14.8,-0.703
-15,-0.715
-15.2,-0.727
-15.4,-0.738
-15.6,-0.75
-15.8,-0.761
-16,-0.773
-16.2,-0.784
-16.4,-0.796
-16.6,-0.807
-16.8,-0.819
-17,-0.831
-17.2,-0.842
-17.4,-0.859
-17.6,-0.875
-17.8,-0.892
-18,-0.908
-18.2,-0.929
-18.4,-0.951
-18.6,-0.972
-18.8,-0.993
-19,-1.014
-19.2,-1.033
-19.4,-1.053
-19.6,-1.072
-19.8,-1.092
-20,-1.111
-20.2,-1.13
-20.4,-1.15
-20.6,-1.169
-20.8,-1.189
-21,-1.208
-21.2,-1.227
-21.4,-1.246
-21.6,-1.275
-21.8,-1.309
-22,-1.343
-22.2,-1.378
-22.4,-1.412
-22.6,-1.446
-22.8,-1.48
-23,-1.513
-23.2,-1.547
-23.4,-1.593
-23.6,-1.639
-23.8,-1.678
-24,-1.685
-23.8,-1.496
-23.6,-1.326
-23.4,-1.171
-23.2,-1.018
-23,-0.878
-22.8,-0.767
-22.6,-0.681
-22.4,-0.604
-22.2,-0.539
-22,-0.48
-21.8,-0.429
-21.6,-0.384
-21.4,-0.339
-21.2,-0.302
-21,-0.27
-20.8,-0.241
-20.6,-0.215
-20.4,-0.188
-20.2,-0.165
-20,-0.143
-19.8,-0.121
-19.6,-0.098
-19.4,-0.082
-19.2,-0.067
-19,-0.053
-18.8,-0.04
-18.6,-0.026
-18.4,-0.016
-18.2,-0.008
-18,-0.002
-17.8,0.002
-17.6,0.006
-17.4,0.011
-17.2,0.015
-17,0.019
-16.8,0.022
-16.6,0.024
-16.4,0.027
-16.2,0.029
-16,0.032
-15.8,0.034
-15.6,0.036
-15.4,0.037
-15.2,0.039
-15,0.041
-14.8,0.043
-14.6,0.044
-14.4,0.046
-14.2,0.048
-14,0.049
-13.8,0.051
-13.6,0.052
-13.4,0.054
-13.2,0.055
-13,0.057
-12.8,0.059
-12.6,0.06
-12.4,0.062
-12.2,0.063
-12,0.065
-11.8,0.066
-11.6,0.068
-11.4,0.069
-11.2,0.07
-11,0.072
-10.8,0.073
-10.6,0.074
-10.4,0.076
-10.2,0.077
-10,0.078
-9.8,0.079
-9.6,0.08
-9.4,0.082
-9.2,0.083
-9,0.084
-8.8,0.085
-8.6,0.087
-8.4,0.088
-8.2,0.089
-8,0.09
-7.8,0.092
-7.6,0.093
-7.4,0.094
-7.2,0.095
-7,0.097
-6.8,0.098
-6.6,0.099
-6.4,0.101
-6.2,0.102
-6,0.104
-5.8,0.105
-5.6,0.106
-5.4,0.108
-5.2,0.109
-5,0.111
-4.8,0.112
-4.6,0.114
-4.4,0.115
-4.2,0.117
-4,0.118
-3.8,0.119
-3.6,0.121
-3.4,0.122
-3.2,0.123
-3,0.125
-2.8,0.126
-2.6,0.127
-2.4,0.129
-2.2,0.131
-2,0.133
-1.8,0.135
-1.6,0.137
-1.4,0.138
-1.2,0.142
-1,0.145
-0.8,0.148
-0.6,0.151
-0.4,0.154
-0.2,0.158
0,0.161
0.2,0.164
0.4,0.169
0.6,0.175
0.8,0.181
1,0.186
1.2,0.191
1.4,0.198
1.6,0.204
1.8,0.21
2,0.217
2.2,0.223
2.4,0.229
2.6,0.236
2.8,0.242
3,0.248
3.2,0.254
3.4,0.259
3.6,0.264
3.8,0.269
4,0.275
4.2,0.28
4.4,0.285
4.6,0.29
4.8,0.295
5,0.3
5.2,0.305
5.4,0.31
5.6,0.315
5.8,0.321
6,0.326
6.2,0.331
6.4,0.336
6.6,0.341
6.8,0.346
7,0.351
7.2,0.356
7.4,0.361
7.6,0.366
7.8,0.371
8,0.376
8.2,0.381
8.4,0.386
8.6,0.391
8.8,0.396
9,0.401
9.2,0.406
9.4,0.411
9.6,0.416
9.8,0.421
10,0.425
10.2,0.43
10.4,0.434
10.6,0.44
10.8,0.449
11,0.458
11.2,0.467
11.4,0.476
11.6,0.485
11.8,0.494
12,0.503
12.2,0.512
12.4,0.521
12.6,0.53
12.8,0.539
13,0.547
13.2,0.556
13.4,0.565
13.6,0.574
13.8,0.583
14,0.592
14.2,0.601
14.4,0.61
14.6,0.62
14.8,0.63
15,0.64
15.2,0.651
15.4,0.661
15.6,0.671
15.8,0.681
16,0.691
16.2,0.701
16.4,0.712
16.6,0.723
16.8,0.735
17,0.746
17.2,0.758
17.4,0.769
17.6,0.78
17.8,0.792
18,0.803
18.2,0.815
18.4,0.826
18.6,0.838
18.8,0.851
19,0.868
19.2,0.884
19.4,0.901
19.6,0.922
19.8,0.943
20,0.964
20.2,0.986
20.4,1.007
20.6,1.027
20.8,1.047
21,1.066
21.2,1.086
21.4,1.105
21.6,1.124
21.8,1.144
22,1.163
22.2,1.182
22.4,1.211
22.6,1.245
22.8,1.279
23,1.313
23.2,1.347
23.4,1.381
23.6,1.427
23.8,1.474
24,1.526
23.8,1.337
23.6,1.168
23.4,1.012
23.2,0.86
23,0.753
22.8,0.655
22.6,0.571
22.4,0.493
22.2,0.434
22,0.389
21.8,0.357
21.6,0.325
21.4,0.294
21.2,0.265
21,0.238
20.8,0.212
20.6,0.189
20.4,0.167
20.2,0.144
20,0.122
19.8,0.104
19.6,0.088
19.4,0.073
19.2,0.059
19,0.045
18.8,0.031
18.6,0.017
18.4,0.01
18.2,0.004
18,0
17.8,-0.004
17.6,-0.008
17.4,-0.013
17.2,-0.017
17,-0.02
16.8,-0.023
16.6,-0.025
16.4,-0.028
16.2,-0.031
16,-0.033
15.8,-0.035
15.6,-0.038
15.4,-0.04
15.2,-0.042
15,-0.043
14.8,-0.045
14.6,-0.047
14.4,-0.049
14.2,-0.05
14,-0.052
13.8,-0.054
13.6,-0.056
13.4,-0.057
13.2,-0.059
13,-0.061
12.8,-0.062
12.6,-0.064
12.4,-0.065
12.2,-0.067
12,-0.069
11.8,-0.07
11.6,-0.072
11.4,-0.074
11.2,-0.075
11,-0.077
10.8,-0.078
10.6,-0.08
10.4,-0.082
10.2,-0.083
10,-0.084
9.8,-0.086
9.6,-0.087
9.4,-0.088
9.2,-0.089
9,-0.091
8.8,-0.092
8.6,-0.093
8.4,-0.095
8.2,-0.096
8,-0.097
7.8,-0.099
7.6,-0.1
7.4,-0.101
7.2,-0.103
7,-0.104
6.8,-0.105
6.6,-0.107
6.4,-0.108
6.2,-0.109
6,-0.11
5.8,-0.111
5.6,-0.112
5.4,-0.114
5.2,-0.115
5,-0.116
4.8,-0.117
4.6,-0.119
4.4,-0.12
4.2,-0.121
4,-0.123
3.8,-0.124
3.6,-0.125
3.4,-0.127
3.2,-0.128
3,-0.129
2.8,-0.13
2.6,-0.132
2.4,-0.133
2.2,-0.134
2,-0.136
1.8,-0.137
1.6,-0.138
1.4,-0.14
1.2,-0.141
1,-0.142
0.8,-0.143
0.6,-0.145
0.4,-0.147
0.2,-0.149
0,-0.152
-0.2,-0.154
-0.4,-0.158
-0.6,-0.162
-0.8,-0.166
-1,-0.17
-1.2,-0.174
-1.4,-0.178
-1.6,-0.182
-1.8,-0.186
-2,-0.191
-2.2,-0.197
-2.4,-0.202
-2.6,-0.208
-2.8,-0.213
-3,-0.22
-3.2,-0.226
-3.4,-0.233
-3.6,-0.239
-3.8,-0.245
-4,-0.252
-4.2,-0.261
-4.4,-0.271
-4.6,-0.281
-4.8,-0.288
-5,-0.293
-5.2,-0.298
-5.4,-0.303
-5.6,-0.308
-5.8,-0.314
-6,-0.319
-6.2,-0.324
-6.4,-0.329
-6.6,-0.334
-6.8,-0.339
-7,-0.344
-7.2,-0.349
-7.4,-0.354
-7.6,-0.359
-7.8,-0.364
-8,-0.369
-8.2,-0.375
-8.4,-0.38
-8.6,-0.385
-8.8,-0.39
-9,-0.395
-9.2,-0.4
-9.4,-0.405
-9.6,-0.409
-9.8,-0.414
-10,-0.418
-10.2,-0.425
-10.4,-0.433
-10.6,-0.44
-10.8,-0.446
-11,-0.454
-11.2,-0.463
-11.4,-0.472
-11.6,-0.481
-11.8,-0.49
-12,-0.499
-12.2,-0.508
-12.4,-0.517
-12.6,-0.526
-12.8,-0.535
-13,-0.544
-13.2,-0.553
-13.4,-0.562
-13.6,-0.571
-13.8,-0.58
-14,-0.589
-14.2,-0.598
-14.4,-0.607
-14.6,-0.616
-14.8,-0.625
-15,-0.635
-15.2,-0.645
-15.4,-0.655
-15.6,-0.665
-15.8,-0.675
-16,-0.686
-16.2,-0.696
-16.4,-0.706
-16.6,-0.716
-16.8,-0.726
-17,-0.738
-17.2,-0.749
-17.4,-0.761
-17.6,-0.772
-17.8,-0.784
-18,-0.795
-18.2,-0.806
-18.4,-0.818
-18.6,-0.834
-18.8,-0.851
-19,-0.867
-19.2,-0.884
-19.4,-0.9
-19.6,-0.917
-19.8,-0.939
-20,-0.961
-20.2,-0.983
-20.4,-1.005
-20.6,-1.027
-20.8,-1.048
-21,-1.069
-21.2,-1.09
-21.4,-1.111
-21.6,-1.133
-21.8,-1.154
-22,-1.173
-22.2,-1.193
-22.4,-1.227
-22.6,-1.261
-22.8,-1.295
-23,-1.329
-23.2,-1.363
-23.4,-1.397
-23.6,-1.444
-23.8,-1.49
-24,-1.543
-23.8,-1.354
-23.6,-1.184
-23.4,-1.029
-23.2,-0.876
-23,-0.763
-22.8,-0.665
-22.6,-0.581
-22.4,-0.503
-22.2,-0.443
-22,-0.397
-21.8,-0.36
-21.6,-0.328
-21.4,-0.296
-21.2,-0.268
-21,-0.241
-20.8,-0.215
-20.6,-0.193
-20.4,-0.17
-20.2,-0.148
-20,-0.125
-19.8,-0.109
-19.6,-0.093
-19.4,-0.077
-19.2,-0.064
-19,-0.05
-18.8,-0.036
-18.6,-0.022
-18.4,-0.013
-18.2,-0.006
-18,-0.001
-17.8,0.003
-17.6,0.007
-17.4,0.011
-17.2,0.015
-17,0.018
-16.8,0.021
-16.6,0.023
-16.4,0.026
-16.2,0.028
-16,0.031
-15.8,0.033
-15.6,0.035
-15.4,0.037
-15.2,0.039
-15,0.041
-14.8,0.043
-14.6,0.044
-14.4,0.046
-14.2,0.048
-14,0.05
-13.8,0.052
-13.6,0.053
-13.4,0.055
-13.2,0.057
-13,0.058
-12.8,0.06
-12.6,0.062
-12.4,0.063
-12.2,0.065
-12,0.066
-11.8,0.068
-11.6,0.07
-11.4,0.071
-11.2,0.073
-11,0.074
-10.8,0.076
-10.6,0.077
-10.4,0.079
-10.2,0.081
-10,0.082
-9.8,0.083
-9.6,0.084
-9.4,0.086
-9.2,0.087
-9,0.088
-8.8,0.089
-8.6,0.091
-8.4,0.092
-8.2,0.093
-8,0.094
-7.8,0.096
-7.6,0.097
-7.4,0.098
-7.2,0.1
-7,0.101
-6.8,0.102
-6.6,0.103
-6.4,0.105
-6.2,0.106
-6,0.107
-5.8,0.108
-5.6,0.109
-5.4,0.111
-5.2,0.112
-5,0.113
-4.8,0.114
-4.6,0.115
-4.4,0.116
-4.2,0.117
-4,0.118
-3.8,0.119
-3.6,0.121
-3.4,0.122
-3.2,0.123
-3,0.125
-2.8,0.126
-2.6,0.127
-2.4,0.128
-2.2,0.13
-2,0.131
-1.8,0.132
-1.6,0.134
-1.4,0.135
-1.2,0.136
-1,0.138
-0.8,0.139
-0.6,0.14
-0.4,0.141
-0.2,0.143
0,0.144
0.2,0.145
0.4,0.147
0.6,0.149
0.8,0.151
1,0.154
1.2,0.158
1.4,0.162
1.6,0.166
1.8,0.17
2,0.173
1.8,0.134
1.6,0.102
1.4,0.071
1.2,0.041
1,0.013
0.8,-0.011
0.6,-0.03
0.4,-0.049
0.2,-0.068
0,-0.082
-0.2,-0.095
-0.4,-0.105
-0.6,-0.114
-0.8,-0.119
-1,-0.124
-1.2,-0.128
-1.4,-0.131
-1.6,-0.134
-1.8,-0.137
-2,-0.14
-1.8,-0.114
-1.6,-0.088
-1.4,-0.062
-1.2,-0.035
-1,-0.01
-0.8,0.015
-0.6,0.037
-0.4,0.059
-0.2,0.078
0,0.096
0.2,0.109
0.4,0.121
0.6,0.129
0.8,0.135
1,0.141
1.2,0.146
1.4,0.151
1.6,0.156
1.8,0.164
2,0.17
1.8,0.13
1.6,0.098
1.4,0.067
1.2,0.039
1,0.012
0.8,-0.015
0.6,-0.038
0.4,-0.06
0.2,-0.077
0,-0.091
-0.2,-0.103
-0.4,-0.113
-0.6,-0.119
-0.8,-0.124
-1,-0.128
-1.2,-0.131
-1.4,-0.135
-1.6,-0.138
-1.8,-0.141
-2,-0.143
-1.8,-0.117
-1.6,-0.091
-1.4,-0.065
-1.2,-0.038
-1,-0.009
-0.8,0.017
-0.6,0.041
-0.4,0.063
-0.2,0.082
0,0.097
0.2,0.11
0.4,0.122
0.6,0.129
0.8,0.135
1,0.141
1.2,0.146
1.4,0.151
1.6,0.156
1.8,0.165
2,0.171
2.2,0.175
2.4,0.179
2.6,0.183
2.8,0.187
3,0.191
3.2,0.196
3.4,0.202
3.6,0.208
3.8,0.213
4,0.219
3.8,0.179
3.6,0.139
3.4,0.1
3.2,0.064
3,0.033
2.8,0.003
2.6,-0.026
2.4,-0.048
2.2,-0.065
2,-0.078
1.8,-0.091
1.6,-0.101
1.4,-0.107
1.2,-0.112
1,-0.117
0.8,-0.12
0.6,-0.124
0.4,-0.127
0.2,-0.13
0,-0.134
0.2,-0.104
0.4,-0.075
0.6,-0.046
0.8,-0.018
1,0.01
1.2,0.033
1.4,0.06
1.6,0.087
1.8,0.108
2,0.124
2.2,0.138
2.4,0.149
2.6,0.156
2.8,0.163
3,0.173
3.2,0.184
3.4,0.194
3.6,0.203
3.8,0.211
4,0.218
3.8,0.178
3.6,0.139
3.4,0.1
3.2,0.063
3,0.031
2.8,0
2.6,-0.028
2.4,-0.05
2.2,-0.066
2,-0.08
1.8,-0.093
1.6,-0.102
1.4,-0.108
1.2,-0.113
1,-0.118
0.8,-0.121
0.6,-0.124
0.4,-0.128
0.2,-0.131
0,-0.134
0.2,-0.105
0.4,-0.076
0.6,-0.047
0.8,-0.018
1,0.01
1.2,0.035
1.4,0.061
1.6,0.088
1.8,0.108
2,0.124
2.2,0.138
2.4,0.149
2.6,0.156
2.8,0.163
3,0.172
3.2,0.183
3.4,0.193
3.6,0.202
3.8,0.21
4,0.217
3.8,0.177
3.6,0.138
3.4,0.099
3.2,0.062
3,0.029
2.8,-0.001
2.6,-0.029
2.4,-0.051
2.2,-0.067
2,-0.082
1.8,-0.094
1.6,-0.103
1.4,-0.109
1.2,-0.115
1,-0.118
0.8,-0.122
0.6,-0.125
0.4,-0.128
0.2,-0.131
0,-0.135
0.2,-0.105
0.4,-0.076
0.6,-0.047
0.8,-0.018
1,0.01
1.2,0.035
1.4,0.062
1.6,0.088
1.8,0.109
2,0.124
2.2,0.138
2.4,0.149
2.6,0.156
2.8,0.162
3,0.172
3.2,0.183
3.4,0.193
3.6,0.202
3.8,0.21
4,0.217
4.2,0.223
4.4,0.229
4.6,0.236
4.8,0.243
5,0.249
5.2,0.255
5.4,0.266
5.6,0.275
5.8,0.284
6,0.293
6.2,0.301
6.4,0.306
6.6,0.312
6.8,0.318
7,0.323
7.2,0.329
7.4,0.334
7.6,0.34
7.8,0.345
8,0.351
7.8,0.304
7.6,0.258
7.4,0.212
7.2,0.167
7,0.121
6.8,0.082
6.6,0.05
6.4,0.021
6.2,-0.003
6,-0.024
5.8,-0.041
5.6,-0.054
5.4,-0.062
5.2,-0.07
5,-0.076
4.8,-0.082
4.6,-0.087
4.4,-0.093
4.2,-0.098
4,-0.103
3.8,-0.106
3.6,-0.109
3.4,-0.111
3.2,-0.113
3,-0.116
2.8,-0.118
2.6,-0.12
2.4,-0.122
2.2,-0.125
2,-0.127
1.8,-0.129
1.6,-0.13
1.4,-0.132
1.2,-0.133
1,-0.134
0.8,-0.136
0.6,-0.137
0.4,-0.138
0.2,-0.139
0,-0.141
0.2,-0.115
0.4,-0.088
0.6,-0.063
0.8,-0.036
1,-0.008
1.2,0.019
1.4,0.041
1.6,0.063
1.8,0.083
2,0.099
2.2,0.112
2.4,0.125
2.6,0.132
2.8,0.139
3,0.145
3.2,0.154
3.4,0.164
3.6,0.173
3.8,0.182
4,0.19
4.2,0.195
4.4,0.199
4.6,0.203
4.8,0.207
5,0.211
5.2,0.214
5.4,0.22
5.6,0.226
5.8,0.231
6,0.237
6.2,0.243
6.4,0.248
6.6,0.255
6.8,0.263
7,0.274
7.2,0.284
7.4,0.294
7.6,0.305
7.8,0.315
8,0.325
7.8,0.278
7.6,0.231
7.4,0.184
7.2,0.138
7,0.096
6.8,0.059
6.6,0.027
6.4,0.002
6.2,-0.02
6,-0.038
5.8,-0.05
5.6,-0.059
5.4,-0.066
5.2,-0.073
5,-0.079
4.8,-0.085
4.6,-0.09
4.4,-0.095
4.2,-0.1
4,-0.105
3.8,-0.107
3.6,-0.109
3.4,-0.112
3.2,-0.114
3,-0.116
2.8,-0.119
2.6,-0.121
2.4,-0.123
2.2,-0.125
2,-0.127
1.8,-0.129
1.6,-0.131
1.4,-0.133
1.2,-0.135
1,-0.136
0.8,-0.137
0.6,-0.138
0.4,-0.139
0.2,-0.141
0,-0.142
0.2,-0.116
0.4,-0.09
0.6,-0.062
0.8,-0.035
1,-0.006
1.2,0.02
1.4,0.044
1.6,0.065
1.8,0.084
2,0.099
2.2,0.113
2.4,0.124
2.6,0.132
2.8,0.138
3,0.144
3.2,0.153
3.4,0.162
3.6,0.171
3.8,0.181
4,0.188
4.2,0.192
4.4,0.197
4.6,0.201
4.8,0.205
5,0.209
5.2,0.213
5.4,0.217
5.6,0.222
5.8,0.228
6,0.233
6.2,0.239
6.4,0.244
6.6,0.25
6.8,0.256
7,0.267
7.2,0.277
7.4,0.287
7.6,0.298
7.8,0.308
8,0.318
7.8,0.271
7.6,0.224
7.4,0.177
7.2,0.131
7,0.091
6.8,0.054
6.6,0.021
6.4,-0.005
6.2,-0.025
6,-0.042
5.8,-0.054
5.6,-0.061
5.4,-0.069
5.2,-0.076
5,-0.082
4.8,-0.087
4.6,-0.092
4.4,-0.097
4.2,-0.102
4,-0.105
3.8,-0.108
3.6,-0.11
3.4,-0.112
3.2,-0.114
3,-0.117
2.8,-0.119
2.6,-0.121
2.4,-0.123
2.2,-0.125
2,-0.127
1.8,-0.129
1.6,-0.131
1.4,-0.133
1.2,-0.135
1,-0.136
0.8,-0.138
0.6,-0.139
0.4,-0.14
0.2,-0.141
0,-0.143
0.2,-0.116
0.4,-0.09
0.6,-0.062
0.8,-0.034
1,-0.005
1.2,0.021
1.4,0.045
1.6,0.066
1.8,0.085
2,0.1
2.2,0.113
2.4,0.125
2.6,0.132
2.8,0.138
3,0.143
3.2,0.152
3.4,0.161
3.6,0.17
3.8,0.179
4,0.186
4.2,0.191
4.4,0.195
4.6,0.199
4.8,0.203
5,0.207
5.2,0.211
5.4,0.215
5.6,0.219
5.8,0.225
6,0.231
6.2,0.236
6.4,0.242
6.6,0.247
6.8,0.254
7,0.264
7.2,0.275
7.4,0.285
7.6,0.295
7.8,0.305
8,0.315
8.2,0.325
8.4,0.335
8.6,0.345
8.8,0.355
9,0.364
9.2,0.371
9.4,0.376
9.6,0.382
9.8,0.387
10,0.393
10.2,0.398
10.4,0.403
10.6,0.408
10.8,0.414
11,0.419
11.2,0.423
11.4,0.428
11.6,0.433
11.8,0.439
12,0.444
12.2,0.45
12.4,0.455
12.6,0.46
12.8,0.47
13,0.481
13.2,0.491
13.4,0.501
13.6,0.511
13.8,0.521
14,0.531
14.2,0.541
14.4,0.551
14.6,0.561
14.8,0.569
15,0.578
15.2,0.587
15.4,0.596
15.6,0.605
15.8,0.614
16,0.624
15.8,0.553
15.6,0.484
15.4,0.415
15.2,0.346
15,0.279
14.8,0.217
14.6,0.176
14.4,0.148
14.2,0.124
14,0.108
13.8,0.093
13.6,0.08
13.4,0.067
13.2,0.055
13,0.043
12.8,0.03
12.6,0.018
12.4,0.006
12.2,-0.003
12,-0.011
11.8,-0.017
11.6,-0.023
11.4,-0.028
11.2,-0.034
11,-0.04
10.8,-0.046
10.6,-0.052
10.4,-0.056
10.2,-0.06
10,-0.064
9.8,-0.068
9.6,-0.072
9.4,-0.075
9.2,-0.077
9,-0.08
8.8,-0.083
8.6,-0.085
8.4,-0.088
8.2,-0.09
8,-0.093
7.8,-0.095
7.6,-0.097
7.4,-0.099
7.2,-0.1
7,-0.101
6.8,-0.102
6.6,-0.103
6.4,-0.104
6.2,-0.105
6,-0.106
5.8,-0.108
5.6,-0.109
5.4,-0.11
5.2,-0.111
5,-0.112
4.8,-0.113
4.6,-0.115
4.4,-0.116
4.2,-0.117
4,-0.119
3.8,-0.12
3.6,-0.121
3.4,-0.122
3.2,-0.123
3,-0.125
2.8,-0.126
2.6,-0.127
2.4,-0.128
2.2,-0.13
2,-0.131
1.8,-0.132
1.6,-0.133
1.4,-0.135
1.2,-0.136
1,-0.137
0.8,-0.138
0.6,-0.139
0.4,-0.14
0.2,-0.142
0,-0.143
0.2,-0.118
0.4,-0.094
0.6,-0.071
0.8,-0.047
1,-0.024
1.2,-0.001
1.4,0.01
1.6,0.028
1.8,0.047
2,0.065
2.2,0.085
2.4,0.099
2.6,0.112
2.8,0.122
3,0.13
3.2,0.135
3.4,0.14
3.6,0.143
3.8,0.151
4,0.158
4.2,0.165
4.4,0.17
4.6,0.173
4.8,0.176
5,0.178
5.2,0.181
5.4,0.183
5.6,0.185
5.8,0.187
6,0.189
6.2,0.191
6.4,0.193
6.6,0.195
6.8,0.197
7,0.199
7.2,0.201
7.4,0.202
7.6,0.204
7.8,0.206
8,0.208
8.2,0.211
8.4,0.213
8.6,0.216
8.8,0.218
9,0.222
9.2,0.226
9.4,0.229
9.6,0.233
9.8,0.237
10,0.241
10.2,0.245
10.4,0.249
10.6,0.253
10.8,0.257
11,0.261
11.2,0.265
11.4,0.269
11.6,0.273
11.8,0.279
12,0.288
12.2,0.297
12.4,0.306
12.6,0.315
12.8,0.326
13,0.336
13.2,0.346
13.4,0.356
13.6,0.366
13.8,0.377
14,0.387
14.2,0.4
14.4,0.419
14.6,0.437
14.8,0.456
15,0.474
15.2,0.493
15.4,0.511
15.6,0.529
15.8,0.551
16,0.572
15.8,0.497
15.6,0.426
15.4,0.356
15.2,0.292
15,0.24
14.8,0.192
14.6,0.156
14.4,0.128
14.2,0.105
14,0.087
13.8,0.072
13.6,0.057
13.4,0.045
13.2,0.033
13,0.02
12.8,0.008
12.6,0.001
12.4,-0.007
12.2,-0.013
12,-0.02
11.8,-0.026
11.6,-0.032
11.4,-0.038
11.2,-0.044
11,-0.05
10.8,-0.054
10.6,-0.058
10.4,-0.062
10.2,-0.067
10,-0.071
9.8,-0.074
9.6,-0.077
9.4,-0.079
9.2,-0.082
9,-0.084
8.8,-0.087
8.6,-0.089
8.4,-0.092
8.2,-0.094
8,-0.096
7.8,-0.098
7.6,-0.099
7.4,-0.1
7.2,-0.101
7,-0.102
6.8,-0.103
6.6,-0.105
6.4,-0.106
6.2,-0.107
6,-0.108
5.8,-0.109
5.6,-0.111
5.4,-0.112
5.2,-0.113
5,-0.114
4.8,-0.116
4.6,-0.117
4.4,-0.118
4.2,-0.12
4,-0.121
3.8,-0.122
3.6,-0.123
3.4,-0.125
3.2,-0.126
3,-0.127
2.8,-0.129
2.6,-0.13
2.4,-0.131
2.2,-0.133
2,-0.134
1.8,-0.135
1.6,-0.136
1.4,-0.138
1.2,-0.139
1,-0.14
0.8,-0.142
0.6,-0.143
0.4,-0.144
0.2,-0.145
0,-0.146
0.2,-0.122
0.4,-0.098
0.6,-0.075
0.8,-0.051
1,-0.028
1.2,-0.005
1.4,0.007
1.6,0.029
1.8,0.046
2,0.064
2.2,0.082
2.4,0.096
2.6,0.108
2.8,0.118
3,0.127
3.2,0.133
3.4,0.137
3.6,0.14
3.8,0.144
4,0.149
4.2,0.155
4.4,0.161
4.6,0.166
4.8,0.169
5,0.171
5.2,0.174
5.4,0.176
5.6,0.179
5.8,0.181
6,0.184
6.2,0.186
6.4,0.188
6.6,0.19
6.8,0.192
7,0.194
7.2,0.196
7.4,0.198
7.6,0.2
7.8,0.202
8,0.204
8.2,0.206
8.4,0.208
8.6,0.211
8.8,0.214
9,0.217
9.2,0.221
9.4,0.225
9.6,0.229
9.8,0.233
10,0.236
10.2,0.24
10.4,0.244
10.6,0.248
10.8,0.252
11,0.256
11.2,0.26
11.4,0.264
11.6,0.268
11.8,0.272
12,0.276
12.2,0.28
12.4,0.285
12.6,0.293
12.8,0.302
13,0.311
13.2,0.32
13.4,0.33
13.6,0.34
13.8,0.35
14,0.36
14.2,0.37
14.4,0.38
14.6,0.393
14.8,0.411
15,0.429
15.2,0.448
15.4,0.466
15.6,0.484
15.8,0.506
16,0.527
15.8,0.452
15.6,0.381
15.4,0.316
15.2,0.263
15,0.211
14.8,0.167
14.6,0.133
14.4,0.104
14.2,0.08
14,0.062
13.8,0.046
13.6,0.031
13.4,0.018
13.2,0.011
13,0.003
12.8,-0.003
12.6,-0.01
12.4,-0.016
12.2,-0.022
12,-0.029
11.8,-0.035
11.6,-0.041
11.4,-0.046
11.2,-0.05
11,-0.055
10.8,-0.059
10.6,-0.063
10.4,-0.067
10.2,-0.07
10,-0.073
9.8,-0.075
9.6,-0.078
9.4,-0.08
9.2,-0.083
9,-0.085
8.8,-0.088
8.6,-0.091
8.4,-0.093
8.2,-0.095
8,-0.097
7.8,-0.098
7.6,-0.099
7.4,-0.1
7.2,-0.102
7,-0.103
6.8,-0.104
6.6,-0.105
6.4,-0.106
6.2,-0.107
6,-0.108
5.8,-0.11
5.6,-0.111
5.4,-0.112
5.2,-0.114
5,-0.115
4.8,-0.116
4.6,-0.118
4.4,-0.119
4.2,-0.12
4,-0.121
3.8,-0.123
3.6,-0.124
3.4,-0.125
3.2,-0.127
3,-0.128
2.8,-0.129
2.6,-0.131
2.4,-0.132
2.2,-0.133
2,-0.134
1.8,-0.136
1.6,-0.137
1.4,-0.138
1.2,-0.14
1,-0.141
0.8,-0.142
0.6,-0.143
0.4,-0.145
0.2,-0.146
0,-0.147
0.2,-0.122
0.4,-0.099
0.6,-0.075
0.8,-0.052
1,-0.029
1.2,-0.006
1.4,0.006
1.6,0.029
1.8,0.046
2,0.063
2.2,0.081
2.4,0.095
2.6,0.106
2.8,0.117
3,0.126
3.2,0.132
3.4,0.136
3.6,0.14
3.8,0.144
4,0.147
4.2,0.154
4.4,0.159
4.6,0.165
4.8,0.168
5,0.17
5.2,0.173
5.4,0.175
5.6,0.178
5.8,0.18
6,0.183
6.2,0.185
6.4,0.187
6.6,0.189
6.8,0.191
7,0.193
7.2,0.195
7.4,0.197
7.6,0.199
7.8,0.201
8,0.203
8.2,0.205
8.4,0.207
8.6,0.209
8.8,0.211
9,0.213
9.2,0.216
9.4,0.22
9.6,0.224
9.8,0.228
10,0.232
10.2,0.236
10.4,0.24
10.6,0.244
10.8,0.248
11,0.252
11.2,0.256
11.4,0.26
11.6,0.264
11.8,0.268
12,0.272
12.2,0.276
12.4,0.28
12.6,0.283
12.8,0.287
13,0.292
13.2,0.301
13.4,0.309
13.6,0.318
13.8,0.327
14,0.337
14.2,0.347
14.4,0.357
14.6,0.367
14.8,0.377
15,0.391
15.2,0.41
15.4,0.428
15.6,0.446
15.8,0.467
16,0.489
16.2,0.51
16.4,0.531
16.6,0.552
16.8,0.576
17,0.601
17.2,0.624
17.4,0.638
17.6,0.65
17.8,0.663
18,0.675
18.2,0.687
18.4,0.7
18.6,0.712
18.8,0.724
19,0.736
19.2,0.748
19.4,0.76
19.6,0.773
19.8,0.787
20,0.809
20.2,0.831
20.4,0.853
20.6,0.874
20.8,0.896
21,0.918
21.2,0.939
21.4,0.961
21.6,0.983
21.8,1.004
22,1.026
22.2,1.052
22.4,1.082
22.6,1.112
22.8,1.142
23,1.177
23.2,1.212
23.4,1.246
23.6,1.292
23.8,1.338
24,1.383
24.2,1.398
24.4,1.403
24.6,1.407
24.8,1.412
25,1.416
25.2,1.421
25.4,1.427
25.6,1.432
25.8,1.438
26,1.438
26.2,1.439
26.4,1.439
26.6,1.439
26.8,1.439
27,1.432
27.2,1.422
27.4,1.411
27.6,1.404
27.8,1.396
28,1.389
28.2,1.382
28.4,1.376
28.6,1.369
28.8,1.362
29,1.354
29.2,1.345
29.4,1.337
29.6,1.329
29.8,1.321
30,1.313
30.2,1.305
30.4,1.298
30.6,1.29
30.8,1.283
31,1.276
31.2,1.269
31.4,1.262
31.6,1.255
31.8,1.248
32,1.242
31.8,1.107
31.6,0.99
31.4,0.882
31.2,0.778
31,0.686
30.8,0.61
30.6,0.548
30.4,0.496
30.2,0.451
30,0.414
29.8,0.379
29.6,0.345
29.4,0.32
29.2,0.296
29,0.273
28.8,0.249
28.6,0.226
28.4,0.206
28.2,0.186
28,0.17
27.8,0.154
27.6,0.139
27.4,0.123
27.2,0.111
27,0.101
26.8,0.092
26.6,0.082
26.4,0.073
26.2,0.064
26,0.054
25.8,0.045
25.6,0.039
25.4,0.033
25.2,0.028
25,0.025
24.8,0.021
24.6,0.017
24.4,0.014
24.2,0.01
24,0.007
23.8,0.003
23.6,-0.001
23.4,-0.004
23.2,-0.006
23,-0.008
22.8,-0.01
22.6,-0.012
22.4,-0.013
22.2,-0.015
22,-0.017
21.8,-0.019
21.6,-0.02
21.4,-0.022
21.2,-0.023
21,-0.025
20.8,-0.026
20.6,-0.028
20.4,-0.029
20.2,-0.031
20,-0.032
19.8,-0.034
19.6,-0.035
19.4,-0.036
19.2,-0.038
19,-0.039
18.8,-0.04
18.6,-0.041
18.4,-0.042
18.2,-0.043
18,-0.044
17.8,-0.046
17.6,-0.047
17.4,-0.048
17.2,-0.049
17,-0.05
16.8,-0.052
16.6,-0.053
16.4,-0.055
16.2,-0.056
16,-0.058
15.8,-0.059
15.6,-0.061
15.4,-0.062
15.2,-0.064
15,-0.065
14.8,-0.067
14.6,-0.068
14.4,-0.07
14.2,-0.071
14,-0.073
13.8,-0.074
13.6,-0.076
13.4,-0.077
13.2,-0.078
13,-0.079
12.8,-0.081
12.6,-0.082
12.4,-0.083
12.2,-0.084
12,-0.085
11.8,-0.086
11.6,-0.087
11.4,-0.088
11.2,-0.09
11,-0.091
10.8,-0.092
10.6,-0.093
10.4,-0.094
10.2,-0.095
10,-0.096
9.8,-0.097
9.6,-0.098
9.4,-0.1
9.2,-0.101
9,-0.102
8.8,-0.103
8.6,-0.104
8.4,-0.105
8.2,-0.106
8,-0.107
7.8,-0.108
7.6,-0.109
7.4,-0.11
7.2,-0.111
7,-0.112
6.8,-0.113
6.6,-0.114
6.4,-0.115
6.2,-0.116
6,-0.117
5.8,-0.118
5.6,-0.12
5.4,-0.121
5.2,-0.122
5,-0.123
4.8,-0.124
4.6,-0.125
4.4,-0.126
4.2,-0.127
4,-0.129
3.8,-0.13
3.6,-0.131
3.4,-0.132
3.2,-0.133
3,-0.135
2.8,-0.136
2.6,-0.137
2.4,-0.138
2.2,-0.14
2,-0.141
1.8,-0.142
1.6,-0.144
1.4,-0.145
1.2,-0.146
1,-0.147
0.8,-0.149
0.6,-0.15
0.4,-0.151
0.2,-0.152
0,-0.154
0.2,-0.125
0.4,-0.097
0.6,-0.068
0.8,-0.04
1,-0.017
1.2,-0.003
1.4,0.014
1.6,0.036
1.8,0.051
2,0.067
2.2,0.083
2.4,0.094
2.6,0.104
2.8,0.114
3,0.123
3.2,0.129
3.4,0.133
3.6,0.136
3.8,0.139
4,0.143
4.2,0.145
4.4,0.148
4.6,0.15
4.8,0.154
5,0.158
5.2,0.16
5.4,0.162
5.6,0.165
5.8,0.167
6,0.169
6.2,0.171
6.4,0.174
6.6,0.176
6.8,0.178
7,0.18
7.2,0.181
7.4,0.183
7.6,0.185
7.8,0.187
8,0.188
8.2,0.19
8.4,0.191
8.6,0.193
8.8,0.195
9,0.196
9.2,0.198
9.4,0.199
9.6,0.201
9.8,0.202
10,0.204
10.2,0.205
10.4,0.207
10.6,0.209
10.8,0.21
11,0.212
11.2,0.213
11.4,0.215
11.6,0.216
11.8,0.218
12,0.219
12.2,0.221
12.4,0.223
12.6,0.224
12.8,0.226
13,0.227
13.2,0.229
13.4,0.23
13.6,0.232
13.8,0.233
14,0.235
14.2,0.237
14.4,0.238
14.6,0.24
14.8,0.242
15,0.243
15.2,0.245
15.4,0.247
15.6,0.249
15.8,0.25
16,0.252
16.2,0.254
16.4,0.256
16.6,0.257
16.8,0.259
17,0.261
17.2,0.262
17.4,0.264
17.6,0.266
17.8,0.268
18,0.269
18.2,0.271
18.4,0.273
18.6,0.274
18.8,0.276
19,0.278
19.2,0.281
19.4,0.285
19.6,0.289
19.8,0.293
20,0.296
20.2,0.3
20.4,0.304
20.6,0.307
20.8,0.311
21,0.314
21.2,0.318
21.4,0.32
21.6,0.323
21.8,0.325
22,0.328
22.2,0.33
22.4,0.332
22.6,0.334
22.8,0.337
23,0.339
23.2,0.341
23.4,0.345
23.6,0.348
23.8,0.351
24,0.356
24.2,0.361
24.4,0.366
24.6,0.371
24.8,0.378
25,0.385
25.2,0.392
25.4,0.399
25.6,0.405
25.8,0.412
26,0.428
26.2,0.444
26.4,0.46
26.6,0.476
26.8,0.492
27,0.508
27.2,0.524
27.4,0.54
27.6,0.556
27.8,0.572
28,0.587
28.2,0.603
28.4,0.619
28.6,0.642
28.8,0.664
29,0.686
29.2,0.708
29.4,0.731
29.6,0.753
29.8,0.778
30,0.808
30.2,0.838
30.4,0.872
30.6,0.906
30.8,0.941
31,0.975
31.2,1.02
31.4,1.064
31.6,1.098
31.8,1.119
32,1.13
31.8,0.993
31.6,0.875
31.4,0.76
31.2,0.652
31,0.558
30.8,0.489
30.6,0.439
30.4,0.39
30.2,0.347
30,0.316
29.8,0.29
29.6,0.27
29.4,0.252
29.2,0.237
29,0.221
28.8,0.206
28.6,0.19
28.4,0.174
28.2,0.159
28,0.143
27.8,0.128
27.6,0.112
27.4,0.1
27.2,0.091
27,0.083
26.8,0.076
26.6,0.068
26.4,0.061
26.2,0.054
26,0.047
25.8,0.041
25.6,0.035
25.4,0.029
25.2,0.025
25,0.021
24.8,0.018
24.6,0.014
24.4,0.01
24.2,0.007
24,0.003
23.8,-0.001
23.6,-0.004
23.4,-0.006
23.2,-0.009
23,-0.011
22.8,-0.013
22.6,-0.015
22.4,-0.017
22.2,-0.019
22,-0.021
21.8,-0.023
21.6,-0.024
21.4,-0.026
21.2,-0.028
21,-0.03
20.8,-0.031
20.6,-0.033
20.4,-0.034
20.2,-0.036
20,-0.037
19.8,-0.039
19.6,-0.04
19.4,-0.042
19.2,-0.043
19,-0.045
18.8,-0.046
18.6,-0.047
18.4,-0.048
18.2,-0.049
18,-0.05
17.8,-0.051
17.6,-0.052
17.4,-0.054
17.2,-0.055
17,-0.056
16.8,-0.057
16.6,-0.058
16.4,-0.059
16.2,-0.06
16,-0.062
15.8,-0.063
15.6,-0.064
15.4,-0.065
15.2,-0.067
15,-0.068
14.8,-0.07
14.6,-0.071
14.4,-0.073
14.2,-0.075
14,-0.076
13.8,-0.078
13.6,-0.079
13.4,-0.081
13.2,-0.082
13,-0.083
12.8,-0.085
12.6,-0.086
12.4,-0.087
12.2,-0.089
12,-0.09
11.8,-0.091
11.6,-0.093
11.4,-0.094
11.2,-0.095
11,-0.096
10.8,-0.097
10.6,-0.099
10.4,-0.1
10.2,-0.1
10,-0.101
9.8,-0.102
9.6,-0.103
9.4,-0.104
9.2,-0.105
9,-0.106
8.8,-0.107
8.6,-0.108
8.4,-0.109
8.2,-0.11
8,-0.11
7.8,-0.111
7.6,-0.112
7.4,-0.113
7.2,-0.114
7,-0.115
6.8,-0.116
6.6,-0.117
6.4,-0.118
6.2,-0.119
6,-0.12
5.8,-0.122
5.6,-0.123
5.4,-0.124
5.2,-0.125
5,-0.126
4.8,-0.127
4.6,-0.128
4.4,-0.13
4.2,-0.131
4,-0.132
3.8,-0.133
3.6,-0.134
3.4,-0.135
3.2,-0.136
3,-0.137
2.8,-0.139
2.6,-0.14
2.4,-0.141
2.2,-0.142
2,-0.143
1.8,-0.144
1.6,-0.146
1.4,-0.147
1.2,-0.148
1,-0.149
0.8,-0.151
0.6,-0.152
0.4,-0.153
0.2,-0.155
0,-0.157
0.2,-0.125
0.4,-0.097
0.6,-0.07
0.8,-0.044
1,-0.019
1.2,-0.003
1.4,-0.003
1.6,0.019
1.8,0.042
2,0.056
2.2,0.072
2.4,0.086
2.6,0.097
2.8,0.107
3,0.117
3.2,0.125
3.4,0.13
3.6,0.133
3.8,0.136
4,0.14
4.2,0.142
4.4,0.145
4.6,0.148
4.8,0.15
5,0.153
5.2,0.155
5.4,0.157
5.6,0.159
5.8,0.162
6,0.164
6.2,0.166
6.4,0.168
6.6,0.171
6.8,0.173
7,0.175
7.2,0.176
7.4,0.178
7.6,0.179
7.8,0.181
8,0.183
8.2,0.184
8.4,0.186
8.6,0.188
8.8,0.189
9,0.191
9.2,0.193
9.4,0.194
9.6,0.196
9.8,0.197
10,0.199
10.2,0.201
10.4,0.202
10.6,0.204
10.8,0.206
11,0.207
11.2,0.209
11.4,0.21
11.6,0.212
11.8,0.214
12,0.215
12.2,0.217
12.4,0.219
12.6,0.22
12.8,0.222
13,0.223
13.2,0.225
13.4,0.227
13.6,0.228
13.8,0.23
14,0.231
14.2,0.233
14.4,0.235
14.6,0.236
14.8,0.238
15,0.239
15.2,0.241
15.4,0.243
15.6,0.245
15.8,0.247
16,0.248
16.2,0.25
16.4,0.252
16.6,0.254
16.8,0.255
17,0.257
17.2,0.259
17.4,0.261
17.6,0.262
17.8,0.264
18,0.266
18.2,0.268
18.4,0.269
18.6,0.271
18.8,0.273
19,0.275
19.2,0.276
19.4,0.278
19.6,0.28
19.8,0.282
20,0.283
20.2,0.285
20.4,0.287
20.6,0.291
20.8,0.294
21,0.298
21.2,0.302
21.4,0.306
21.6,0.31
21.8,0.313
22,0.316
22.2,0.319
22.4,0.321
22.6,0.324
22.8,0.326
23,0.328
23.2,0.331
23.4,0.333
23.6,0.336
23.8,0.338
24,0.341
24.2,0.343
24.4,0.346
24.6,0.348
24.8,0.351
25,0.356
25.2,0.361
25.4,0.366
25.6,0.371
25.8,0.376
26,0.381
26.2,0.386
26.4,0.393
26.6,0.399
26.8,0.406
27,0.413
27.2,0.42
27.4,0.427
27.6,0.441
27.8,0.457
28,0.473
28.2,0.489
28.4,0.504
28.6,0.52
28.8,0.536
29,0.552
29.2,0.567
29.4,0.583
29.6,0.599
29.8,0.621
30,0.643
30.2,0.665
30.4,0.69
30.6,0.715
30.8,0.741
31,0.77
31.2,0.799
31.4,0.833
31.6,0.867
31.8,0.912
32,0.96
31.8,0.823
31.6,0.706
31.4,0.595
31.2,0.496
31,0.415
30.8,0.346
30.6,0.296
30.4,0.254
30.2,0.23
30,0.214
29.8,0.198
29.6,0.183
29.4,0.167
29.2,0.151
29,0.136
28.8,0.12
28.6,0.108
28.4,0.099
28.2,0.092
28,0.085
27.8,0.078
27.6,0.071
27.4,0.064
27.2,0.057
27,0.052
26.8,0.046
26.6,0.04
26.4,0.036
26.2,0.032
26,0.028
25.8,0.025
25.6,0.021
25.4,0.017
25.2,0.014
25,0.01
24.8,0.007
24.6,0.005
24.4,0.002
24.2,0
24,-0.003
23.8,-0.005
23.6,-0.007
23.4,-0.009
23.2,-0.01
23,-0.012
22.8,-0.014
22.6,-0.016
22.4,-0.018
22.2,-0.02
22,-0.022
21.8,-0.024
21.6,-0.026
21.4,-0.027
21.2,-0.029
21,-0.03
20.8,-0.032
20.6,-0.033
20.4,-0.035
20.2,-0.036
20,-0.038
19.8,-0.039
19.6,-0.041
19.4,-0.043
19.2,-0.044
19,-0.045
18.8,-0.047
18.6,-0.048
18.4,-0.049
18.2,-0.05
18,-0.051
17.8,-0.052
17.6,-0.053
17.4,-0.054
17.2,-0.056
17,-0.057
16.8,-0.058
16.6,-0.059
16.4,-0.06
16.2,-0.061
16,-0.062
15.8,-0.064
15.6,-0.065
15.4,-0.066
15.2,-0.068
15,-0.069
14.8,-0.071
14.6,-0.072
14.4,-0.074
14.2,-0.075
14,-0.077
13.8,-0.078
13.6,-0.08
13.4,-0.081
13.2,-0.083
13,-0.084
12.8,-0.085
12.6,-0.087
12.4,-0.088
12.2,-0.089
12,-0.091
11.8,-0.092
11.6,-0.093
11.4,-0.094
11.2,-0.096
11,-0.097
10.8,-0.098
10.6,-0.099
10.4,-0.1
10.2,-0.101
10,-0.102
9.8,-0.103
9.6,-0.104
9.4,-0.105
9.2,-0.106
9,-0.107
8.8,-0.107
8.6,-0.108
8.4,-0.109
8.2,-0.11
8,-0.111
7.8,-0.112
7.6,-0.113
7.4,-0.114
7.2,-0.115
7,-0.116
6.8,-0.117
6.6,-0.118
6.4,-0.119
6.2,-0.12
6,-0.121
5.8,-0.122
5.6,-0.123
5.4,-0.124
5.2,-0.126
5,-0.127
4.8,-0.128
4.6,-0.129
4.4,-0.13
4.2,-0.131
4,-0.132
3.8,-0.133
3.6,-0.135
3.4,-0.136
3.2,-0.137
3,-0.138
2.8,-0.139
2.6,-0.14
2.4,-0.141
2.2,-0.142
2,-0.144
1.8,-0.145
1.6,-0.146
1.4,-0.147
1.2,-0.148
1,-0.15
0.8,-0.151
0.6,-0.152
0.4,-0.154
0.2,-0.156
0,-0.157
