Disp(mm)  Force(kN)
0,0
0.2,0.189
0.4,0.365
0.6,0.514
0.8,0.63
1,0.726
1.2,0.812
1.4,0.892
1.6,0.966
1.8,1.034
2,1.097
2.2,1.154
2.4,1.207
2.6,1.251
2.8,1.288
3,1.322
3.2,1.354
3.4,1.383
3.6,1.411
3.8,1.438
4,1.463
4.2,1.487
4.4,1.51
4.6,1.532
4.8,1.553
5,1.573
5.2,1.593
5.4,1.612
5.6,1.63
5.8,1.648
6,1.665
6.2,1.682
6.4,1.699
6.6,1.715
6.8,1.731
7,1.746
7.2,1.762
7.4,1.776
7.6,1.791
7.8,1.806
8,1.82
8.2,1.834
8.4,1.848
8.6,1.861
8.8,1.875
9,1.888
9.2,1.901
9.4,1.914
9.6,1.927
9.8,1.939
10,1.952
10.2,1.964
10.4,1.976
10.6,1.988
10.8,1.999
11,2.01
11.2,2.021
11.4,2.032
11.6,2.042
11.8,2.052
12,2.062
12.2,2.072
12.4,2.081
12.6,2.089
12.8,2.096
13,2.103
13.2,2.109
13.4,2.115
13.6,2.121
13.8,2.126
14,2.131
14.2,2.135
14.4,2.139
14.6,2.143
14.8,2.146
15,2.149
15.2,2.152
15.4,2.155
15.6,2.157
15.8,2.157
16,2.157
15.8,1.962
15.6,1.767
15.4,1.572
15.2,1.378
15,1.191
14.8,1.021
14.6,0.864
14.4,0.723
14.2,0.598
14,0.478
13.8,0.383
13.6,0.303
13.4,0.223
13.2,0.151
13,0.108
12.8,0.073
12.6,0.046
12.4,0.025
12.2,0.009
12,-0.003
11.8,-0.013
11.6,-0.021
11.4,-0.027
11.2,-0.032
11,-0.036
10.8,-0.039
10.6,-0.041
10.4,-0.044
10.2,-0.047
10,-0.05
9.8,-0.057
9.6,-0.065
9.4,-0.075
9.2,-0.086
9,-0.096
8.8,-0.104
8.6,-0.113
8.4,-0.12
8.2,-0.127
8,-0.135
7.8,-0.143
7.6,-0.151
7.4,-0.158
7.2,-0.165
7,-0.171
6.8,-0.177
6.6,-0.183
6.4,-0.19
6.2,-0.197
6,-0.203
5.8,-0.21
5.6,-0.217
5.4,-0.224
5.2,-0.232
5,-0.24
4.8,-0.248
4.6,-0.256
4.4,-0.264
4.2,-0.272
4,-0.28
3.8,-0.29
3.6,-0.301
3.4,-0.311
3.2,-0.321
3,-0.33
2.8,-0.339
2.6,-0.348
2.4,-0.357
2.2,-0.365
2,-0.373
1.8,-0.384
1.6,-0.406
1.4,-0.426
1.2,-0.446
1,-0.466
0.8,-0.484
0.6,-0.504
0.4,-0.554
0.2,-0.605
0,-0.665
-0.2,-0.742
-0.4,-0.812
-0.6,-0.876
-0.8,-0.936
-1,-0.992
-1.2,-1.043
-1.4,-1.09
-1.6,-1.135
-1.8,-1.176
-2,-1.215
-2.2,-1.251
-2.4,-1.284
-2.6,-1.316
-2.8,-1.346
-3,-1.375
-3.2,-1.401
-3.4,-1.426
-3.6,-1.45
-3.8,-1.473
-4,-1.495
-4.2,-1.516
-4.4,-1.536
-4.6,-1.556
-4.8,-1.575
-5,-1.594
-5.2,-1.612
-5.4,-1.629
-5.6,-1.646
-5.8,-1.663
-6,-1.679
-6.2,-1.695
-6.4,-1.711
-6.6,-1.726
-6.8,-1.741
-7,-1.755
-7.2,-1.77
-7.4,-1.784
-7.6,-1.798
-7.8,-1.812
-8,-1.825
-8.2,-1.839
-8.4,-1.852
-8.6,-1.865
-8.8,-1.878
-9,-1.891
-9.2,-1.903
-9.4,-1.916
-9.6,-1.928
-9.8,-1.941
-10,-1.953
-10.2,-1.965
-10.4,-1.977
-10.6,-1.989
-10.8,-2
-11,-2.01
-11.2,-2.021
-11.4,-2.032
-11.6,-2.042
-11.8,-2.052
-12,-2.062
-12.2,-2.072
-12.4,-2.08
-12.6,-2.088
-12.8,-2.096
-13,-2.103
-13.2,-2.109
-13.4,-2.115
-13.6,-2.12
-13.8,-2.126
-14,-2.13
-14.2,-2.135
-14.4,-2.139
-14.6,-2.143
-14.8,-2.146
-15,-2.149
-15.2,-2.152
-15.4,-2.154
-15.6,-2.156
-15.8,-2.156
-16,-2.156
-15.8,-1.961
-15.6,-1.766
-15.4,-1.571
-15.2,-1.378
-15,-1.191
-14.8,-1.021
-14.6,-0.864
-14.4,-0.722
-14.2,-0.597
-14,-0.477
-13.8,-0.382
-13.6,-0.302
-13.4,-0.222
-13.2,-0.15
-13,-0.108
-12.8,-0.073
-12.6,-0.046
-12.4,-0.024
-12.2,-0.009
-12,0.003
-11.8,0.014
-11.6,0.022
-11.4,0.028
-11.2,0.033
-11,0.037
-10.8,0.039
-10.6,0.041
-10.4,0.043
-10.2,0.045
-10,0.047
-9.8,0.05
-9.6,0.053
-9.4,0.055
-9.2,0.057
-9,0.06
-8.8,0.062
-8.6,0.064
-8.4,0.067
-8.2,0.07
-8,0.074
-7.8,0.078
-7.6,0.083
-7.4,0.089
-7.2,0.1
-7,0.111
-6.8,0.122
-6.6,0.131
-6.4,0.141
-6.2,0.147
-6,0.153
-5.8,0.159
-5.6,0.165
-5.4,0.171
-5.2,0.176
-5,0.181
-4.8,0.187
-4.6,0.192
-4.4,0.197
-4.2,0.202
-4,0.208
-3.8,0.213
-3.6,0.218
-3.4,0.223
-3.2,0.228
-3,0.233
-2.8,0.239
-2.6,0.245
-2.4,0.251
-2.2,0.257
-2,0.264
-1.8,0.271
-1.6,0.278
-1.4,0.285
-1.2,0.292
-1,0.299
-0.8,0.305
-0.6,0.312
-0.4,0.319
-0.2,0.326
0,0.333
0.2,0.339
0.4,0.346
0.6,0.352
0.8,0.359
1,0.365
1.2,0.372
1.4,0.378
1.6,0.384
1.8,0.39
2,0.397
2.2,0.404
2.4,0.41
2.6,0.417
2.8,0.423
3,0.43
3.2,0.436
3.4,0.443
3.6,0.449
3.8,0.456
4,0.463
4.2,0.469
4.4,0.476
4.6,0.482
4.8,0.488
5,0.495
5.2,0.501
5.4,0.507
5.6,0.513
5.8,0.52
6,0.526
6.2,0.532
6.4,0.538
6.6,0.544
6.8,0.553
7,0.566
7.2,0.578
7.4,0.59
7.6,0.605
7.8,0.62
8,0.634
8.2,0.649
8.4,0.664
8.6,0.678
8.8,0.693
9,0.707
9.2,0.722
9.4,0.736
9.6,0.751
9.8,0.765
10,0.78
10.2,0.794
10.4,0.809
10.6,0.823
10.8,0.838
11,0.857
11.2,0.876
11.4,0.895
11.6,0.913
11.8,0.949
12,0.984
12.2,1.019
12.4,1.053
12.6,1.087
12.8,1.117
13,1.146
13.2,1.174
13.4,1.213
13.6,1.251
13.8,1.3
14,1.35
14.2,1.399
14.4,1.456
14.6,1.512
14.8,1.569
15,1.626
15.2,1.682
15.4,1.739
15.6,1.795
15.8,1.852
16,1.908
15.8,1.714
15.6,1.521
15.4,1.33
15.2,1.141
15,0.96
14.8,0.793
14.6,0.646
14.4,0.527
14.2,0.439
14,0.356
13.8,0.276
13.6,0.221
13.4,0.178
13.2,0.135
13,0.097
12.8,0.066
12.6,0.035
12.4,0.012
12.2,-0.008
12,-0.022
11.8,-0.032
11.6,-0.037
11.4,-0.042
11.2,-0.045
11,-0.048
10.8,-0.05
10.6,-0.052
10.4,-0.054
10.2,-0.056
10,-0.058
9.8,-0.06
9.6,-0.062
9.4,-0.064
9.2,-0.067
9,-0.07
8.8,-0.073
8.6,-0.075
8.4,-0.078
8.2,-0.08
8,-0.082
7.8,-0.084
7.6,-0.087
7.4,-0.09
7.2,-0.094
7,-0.098
6.8,-0.104
6.6,-0.114
6.4,-0.125
6.2,-0.136
6,-0.147
5.8,-0.157
5.6,-0.165
5.4,-0.171
5.2,-0.177
5,-0.183
4.8,-0.188
4.6,-0.193
4.4,-0.198
4.2,-0.203
4,-0.207
3.8,-0.212
3.6,-0.216
3.4,-0.221
3.2,-0.225
3,-0.23
2.8,-0.234
2.6,-0.239
2.4,-0.244
2.2,-0.249
2,-0.255
1.8,-0.262
1.6,-0.269
1.4,-0.276
1.2,-0.283
1,-0.29
0.8,-0.297
0.6,-0.304
0.4,-0.311
0.2,-0.318
0,-0.325
-0.2,-0.332
-0.4,-0.338
-0.6,-0.345
-0.8,-0.352
-1,-0.359
-1.2,-0.365
-1.4,-0.372
-1.6,-0.378
-1.8,-0.385
-2,-0.392
-2.2,-0.399
-2.4,-0.406
-2.6,-0.413
-2.8,-0.42
-3,-0.427
-3.2,-0.434
-3.4,-0.44
-3.6,-0.447
-3.8,-0.454
-4,-0.461
-4.2,-0.468
-4.4,-0.474
-4.6,-0.481
-4.8,-0.487
-5,-0.493
-5.2,-0.5
-5.4,-0.506
-5.6,-0.512
-5.8,-0.518
-6,-0.525
-6.2,-0.531
-6.4,-0.537
-6.6,-0.543
-6.8,-0.549
-7,-0.557
-7.2,-0.569
-7.4,-0.581
-7.6,-0.593
-7.8,-0.608
-8,-0.623
-8.2,-0.637
-8.4,-0.652
-8.6,-0.667
-8.8,-0.681
-9,-0.696
-9.2,-0.71
-9.4,-0.725
-9.6,-0.739
-9.8,-0.754
-10,-0.768
-10.2,-0.783
-10.4,-0.797
-10.6,-0.812
-10.8,-0.826
-11,-0.841
-11.2,-0.86
-11.4,-0.879
-11.6,-0.898
-11.8,-0.934
-12,-0.969
-12.2,-1.004
-12.4,-1.04
-12.6,-1.074
-12.8,-1.108
-13,-1.142
-13.2,-1.173
-13.4,-1.213
-13.6,-1.252
-13.8,-1.303
-14,-1.353
-14.2,-1.403
-14.4,-1.462
-14.6,-1.519
-14.8,-1.577
-15,-1.634
-15.2,-1.69
-15.4,-1.747
-15.6,-1.803
-15.8,-1.86
-16,-1.916
-15.8,-1.723
-15.6,-1.53
-15.4,-1.34
-15.2,-1.154
-15,-0.973
-14.8,-0.803
-14.6,-0.656
-14.4,-0.534
-14.2,-0.443
-14,-0.359
-13.8,-0.279
-13.6,-0.222
-13.4,-0.179
-13.2,-0.136
-13,-0.099
-12.8,-0.068
-12.6,-0.036
-12.4,-0.013
-12.2,0.007
-12,0.021
-11.8,0.032
-11.6,0.037
-11.4,0.041
-11.2,0.044
-11,0.046
-10.8,0.048
-10.6,0.05
-10.4,0.052
-10.2,0.054
-10,0.056
-9.8,0.058
-9.6,0.06
-9.4,0.062
-9.2,0.064
-9,0.066
-8.8,0.068
-8.6,0.07
-8.4,0.073
-8.2,0.075
-8,0.078
-7.8,0.081
-7.6,0.083
-7.4,0.086
-7.2,0.088
-7,0.09
-6.8,0.094
-6.6,0.098
-6.4,0.104
-6.2,0.11
-6,0.121
-5.8,0.132
-5.6,0.142
-5.4,0.151
-5.2,0.159
-5,0.166
-4.8,0.173
-4.6,0.179
-4.4,0.184
-4.2,0.189
-4,0.195
-3.8,0.2
-3.6,0.205
-3.4,0.209
-3.2,0.214
-3,0.218
-2.8,0.223
-2.6,0.228
-2.4,0.232
-2.2,0.237
-2,0.241
-1.8,0.247
-1.6,0.252
-1.4,0.258
-1.2,0.263
-1,0.268
-0.8,0.274
-0.6,0.28
-0.4,0.287
-0.2,0.293
0,0.3
0.2,0.307
0.4,0.314
0.6,0.321
0.8,0.328
1,0.335
1.2,0.342
1.4,0.349
1.6,0.356
1.8,0.362
2,0.369
1.8,0.317
1.6,0.265
1.4,0.213
1.2,0.162
1,0.119
0.8,0.078
0.6,0.045
0.4,0.017
0.2,-0.008
0,-0.025
-0.2,-0.041
-0.4,-0.055
-0.6,-0.069
-0.8,-0.08
-1,-0.089
-1.2,-0.099
-1.4,-0.106
-1.6,-0.113
-1.8,-0.12
-2,-0.127
-1.8,-0.094
-1.6,-0.061
-1.4,-0.029
-1.2,0.005
-1,0.028
-0.8,0.059
-0.6,0.092
-0.4,0.124
-0.2,0.151
0,0.172
0.2,0.192
0.4,0.207
0.6,0.219
0.8,0.234
1,0.255
1.2,0.275
1.4,0.296
1.6,0.316
1.8,0.333
2,0.35
1.8,0.296
1.6,0.243
1.4,0.189
1.2,0.136
1,0.095
0.8,0.056
0.6,0.027
0.4,0
0.2,-0.02
0,-0.036
-0.2,-0.051
-0.4,-0.064
-0.6,-0.075
-0.8,-0.084
-1,-0.095
-1.2,-0.104
-1.4,-0.111
-1.6,-0.118
-1.8,-0.125
-2,-0.131
-1.8,-0.098
-1.6,-0.065
-1.4,-0.033
-1.2,0.003
-1,0.029
-0.8,0.06
-0.6,0.093
-0.4,0.125
-0.2,0.151
0,0.172
0.2,0.191
0.4,0.206
0.6,0.218
0.8,0.233
1,0.253
1.2,0.274
1.4,0.294
1.6,0.315
1.8,0.334
2,0.351
1.8,0.297
1.6,0.243
1.4,0.19
1.2,0.136
1,0.092
0.8,0.053
0.6,0.024
0.4,-0.002
0.2,-0.022
0,-0.038
-0.2,-0.054
-0.4,-0.066
-0.6,-0.077
-0.8,-0.087
-1,-0.097
-1.2,-0.107
-1.4,-0.114
-1.6,-0.122
-1.8,-0.128
-2,-0.134
-1.8,-0.101
-1.6,-0.069
-1.4,-0.036
-1.2,0.001
-1,0.032
-0.8,0.063
-0.6,0.095
-0.4,0.127
-0.2,0.152
0,0.172
0.2,0.191
0.4,0.205
0.6,0.218
0.8,0.232
1,0.253
1.2,0.274
1.4,0.294
1.6,0.314
1.8,0.334
2,0.352
2.2,0.368
2.4,0.382
2.6,0.388
2.8,0.395
3,0.401
3.2,0.408
3.4,0.415
3.6,0.422
3.8,0.43
4,0.437
3.8,0.38
3.6,0.322
3.4,0.27
3.2,0.219
3,0.169
2.8,0.12
2.6,0.075
2.4,0.033
2.2,0.004
2,-0.016
1.8,-0.033
1.6,-0.046
1.4,-0.057
1.2,-0.067
1,-0.076
0.8,-0.085
0.6,-0.095
0.4,-0.105
0.2,-0.113
0,-0.12
-0.2,-0.126
-0.4,-0.129
-0.6,-0.132
-0.8,-0.136
-1,-0.139
-1.2,-0.142
-1.4,-0.144
-1.6,-0.147
-1.8,-0.15
-2,-0.153
-2.2,-0.156
-2.4,-0.159
-2.6,-0.163
-2.8,-0.166
-3,-0.169
-3.2,-0.172
-3.4,-0.177
-3.6,-0.18
-3.8,-0.183
-4,-0.185
-3.8,-0.146
-3.6,-0.106
-3.4,-0.071
-3.2,-0.041
-3,-0.014
-2.8,0.003
-2.6,0.027
-2.4,0.051
-2.2,0.069
-2,0.083
-1.8,0.095
-1.6,0.106
-1.4,0.115
-1.2,0.122
-1,0.128
-0.8,0.132
-0.6,0.137
-0.4,0.14
-0.2,0.144
0,0.149
0.2,0.154
0.4,0.157
0.6,0.164
0.8,0.175
1,0.186
1.2,0.198
1.4,0.21
1.6,0.222
1.8,0.234
2,0.251
2.2,0.268
2.4,0.285
2.6,0.302
2.8,0.319
3,0.336
3.2,0.353
3.4,0.37
3.6,0.387
3.8,0.405
4,0.424
3.8,0.367
3.6,0.313
3.4,0.259
3.2,0.206
3,0.155
2.8,0.105
2.6,0.061
2.4,0.023
2.2,-0.003
2,-0.021
1.8,-0.036
1.6,-0.048
1.4,-0.059
1.2,-0.068
1,-0.077
0.8,-0.088
0.6,-0.098
0.4,-0.108
0.2,-0.115
0,-0.122
-0.2,-0.128
-0.4,-0.131
-0.6,-0.135
-0.8,-0.138
-1,-0.141
-1.2,-0.144
-1.4,-0.146
-1.6,-0.148
-1.8,-0.151
-2,-0.154
-2.2,-0.157
-2.4,-0.16
-2.6,-0.163
-2.8,-0.166
-3,-0.169
-3.2,-0.174
-3.4,-0.177
-3.6,-0.18
-3.8,-0.183
-4,-0.185
-3.8,-0.146
-3.6,-0.106
-3.4,-0.07
-3.2,-0.041
-3,-0.013
-2.8,0.004
-2.6,0.031
-2.4,0.055
-2.2,0.072
-2,0.085
-1.8,0.096
-1.6,0.106
-1.4,0.115
-1.2,0.122
-1,0.128
-0.8,0.132
-0.6,0.136
-0.4,0.14
-0.2,0.144
0,0.148
0.2,0.153
0.4,0.156
0.6,0.163
0.8,0.174
1,0.186
1.2,0.198
1.4,0.209
1.6,0.221
1.8,0.233
2,0.25
2.2,0.267
2.4,0.284
2.6,0.301
2.8,0.318
3,0.335
3.2,0.352
3.4,0.369
3.6,0.386
3.8,0.403
4,0.422
3.8,0.366
3.6,0.312
3.4,0.259
3.2,0.206
3,0.153
2.8,0.104
2.6,0.06
2.4,0.023
2.2,-0.002
2,-0.022
1.8,-0.037
1.6,-0.048
1.4,-0.059
1.2,-0.068
1,-0.078
0.8,-0.088
0.6,-0.098
0.4,-0.108
0.2,-0.116
0,-0.122
-0.2,-0.128
-0.4,-0.132
-0.6,-0.135
-0.8,-0.138
-1,-0.141
-1.2,-0.144
-1.4,-0.146
-1.6,-0.148
-1.8,-0.151
-2,-0.154
-2.2,-0.157
-2.4,-0.16
-2.6,-0.163
-2.8,-0.166
-3,-0.17
-3.2,-0.174
-3.4,-0.178
-3.6,-0.18
-3.8,-0.183
-4,-0.186
-3.8,-0.146
-3.6,-0.106
-3.4,-0.069
-3.2,-0.04
-3,-0.012
-2.8,0.006
-2.6,0.031
-2.4,0.054
-2.2,0.073
-2,0.085
-1.8,0.096
-1.6,0.106
-1.4,0.116
-1.2,0.122
-1,0.128
-0.8,0.132
-0.6,0.136
-0.4,0.14
-0.2,0.144
0,0.148
0.2,0.153
0.4,0.157
0.6,0.164
0.8,0.175
1,0.187
1.2,0.198
1.4,0.21
1.6,0.222
1.8,0.234
2,0.251
2.2,0.268
2.4,0.285
2.6,0.302
2.8,0.319
3,0.336
3.2,0.353
3.4,0.37
3.6,0.387
3.8,0.404
4,0.424
4.2,0.442
4.4,0.45
4.6,0.457
4.8,0.464
5,0.471
5.2,0.479
5.4,0.487
5.6,0.495
5.8,0.503
6,0.512
6.2,0.52
6.4,0.528
6.6,0.535
6.8,0.541
7,0.548
7.2,0.554
7.4,0.56
7.6,0.566
7.8,0.572
8,0.578
7.8,0.517
7.6,0.456
7.4,0.395
7.2,0.335
7,0.276
6.8,0.223
6.6,0.175
6.4,0.131
6.2,0.1
6,0.071
5.8,0.044
5.6,0.019
5.4,-0.001
5.2,-0.021
5,-0.04
4.8,-0.057
4.6,-0.068
4.4,-0.076
4.2,-0.084
4,-0.091
3.8,-0.098
3.6,-0.104
3.4,-0.108
3.2,-0.111
3,-0.113
2.8,-0.115
2.6,-0.118
2.4,-0.119
2.2,-0.121
2,-0.124
1.8,-0.126
1.6,-0.128
1.4,-0.13
1.2,-0.133
1,-0.135
0.8,-0.137
0.6,-0.139
0.4,-0.142
0.2,-0.144
0,-0.146
-0.2,-0.148
-0.4,-0.15
-0.6,-0.152
-0.8,-0.154
-1,-0.156
-1.2,-0.158
-1.4,-0.16
-1.6,-0.162
-1.8,-0.164
-2,-0.166
-2.2,-0.171
-2.4,-0.174
-2.6,-0.181
-2.8,-0.19
-3,-0.2
-3.2,-0.211
-3.4,-0.223
-3.6,-0.235
-3.8,-0.246
-4,-0.258
-4.2,-0.274
-4.4,-0.291
-4.6,-0.307
-4.8,-0.324
-5,-0.34
-5.2,-0.356
-5.4,-0.371
-5.6,-0.386
-5.8,-0.4
-6,-0.416
-6.2,-0.432
-6.4,-0.447
-6.6,-0.457
-6.8,-0.465
-7,-0.473
-7.2,-0.481
-7.4,-0.489
-7.6,-0.498
-7.8,-0.506
-8,-0.515
-7.8,-0.454
-7.6,-0.395
-7.4,-0.338
-7.2,-0.282
-7,-0.226
-6.8,-0.175
-6.6,-0.132
-6.4,-0.093
-6.2,-0.064
-6,-0.036
-5.8,-0.009
-5.6,0.014
-5.4,0.03
-5.2,0.044
-5,0.055
-4.8,0.063
-4.6,0.071
-4.4,0.079
-4.2,0.086
-4,0.094
-3.8,0.101
-3.6,0.106
-3.4,0.11
-3.2,0.113
-3,0.114
-2.8,0.116
-2.6,0.119
-2.4,0.12
-2.2,0.122
-2,0.124
-1.8,0.126
-1.6,0.128
-1.4,0.13
-1.2,0.132
-1,0.134
-0.8,0.136
-0.6,0.138
-0.4,0.14
-0.2,0.142
0,0.143
0.2,0.145
0.4,0.147
0.6,0.149
0.8,0.151
1,0.153
1.2,0.155
1.4,0.158
1.6,0.161
1.8,0.164
2,0.167
2.2,0.172
2.4,0.177
2.6,0.182
2.8,0.191
3,0.202
3.2,0.214
3.4,0.231
3.6,0.248
3.8,0.265
4,0.282
4.2,0.299
4.4,0.316
4.6,0.333
4.8,0.35
5,0.366
5.2,0.383
5.4,0.402
5.6,0.422
5.8,0.44
6,0.457
6.2,0.477
6.4,0.497
6.6,0.513
6.8,0.523
7,0.531
7.2,0.54
7.4,0.548
7.6,0.557
7.8,0.565
8,0.573
7.8,0.512
7.6,0.452
7.4,0.391
7.2,0.33
7,0.272
6.8,0.218
6.6,0.171
6.4,0.129
6.2,0.098
6,0.07
5.8,0.043
5.6,0.018
5.4,-0.002
5.2,-0.021
5,-0.04
4.8,-0.057
4.6,-0.066
4.4,-0.074
4.2,-0.082
4,-0.089
3.8,-0.097
3.6,-0.102
3.4,-0.107
3.2,-0.11
3,-0.112
2.8,-0.114
2.6,-0.117
2.4,-0.119
2.2,-0.121
2,-0.123
1.8,-0.124
1.6,-0.127
1.4,-0.129
1.2,-0.131
1,-0.133
0.8,-0.136
0.6,-0.138
0.4,-0.14
0.2,-0.142
0,-0.143
-0.2,-0.145
-0.4,-0.147
-0.6,-0.149
-0.8,-0.151
-1,-0.153
-1.2,-0.155
-1.4,-0.158
-1.6,-0.161
-1.8,-0.163
-2,-0.166
-2.2,-0.171
-2.4,-0.176
-2.6,-0.18
-2.8,-0.187
-3,-0.197
-3.2,-0.209
-3.4,-0.22
-3.6,-0.232
-3.8,-0.243
-4,-0.255
-4.2,-0.272
-4.4,-0.289
-4.6,-0.305
-4.8,-0.322
-5,-0.338
-5.2,-0.355
-5.4,-0.371
-5.6,-0.386
-5.8,-0.401
-6,-0.418
-6.2,-0.435
-6.4,-0.451
-6.6,-0.461
-6.8,-0.47
-7,-0.477
-7.2,-0.485
-7.4,-0.494
-7.6,-0.502
-7.8,-0.511
-8,-0.519
-7.8,-0.458
-7.6,-0.399
-7.4,-0.343
-7.2,-0.286
-7,-0.23
-6.8,-0.179
-6.6,-0.137
-6.4,-0.097
-6.2,-0.067
-6,-0.04
-5.8,-0.013
-5.6,0.01
-5.4,0.027
-5.2,0.04
-5,0.052
-4.8,0.062
-4.6,0.07
-4.4,0.077
-4.2,0.085
-4,0.093
-3.8,0.099
-3.6,0.104
-3.4,0.109
-3.2,0.112
-3,0.114
-2.8,0.115
-2.6,0.118
-2.4,0.12
-2.2,0.122
-2,0.124
-1.8,0.125
-1.6,0.128
-1.4,0.13
-1.2,0.132
-1,0.134
-0.8,0.136
-0.6,0.138
-0.4,0.14
-0.2,0.141
0,0.143
0.2,0.145
0.4,0.147
0.6,0.149
0.8,0.151
1,0.153
1.2,0.155
1.4,0.157
1.6,0.16
1.8,0.163
2,0.166
2.2,0.17
2.4,0.175
2.6,0.18
2.8,0.19
3,0.201
3.2,0.212
3.4,0.229
3.6,0.246
3.8,0.263
4,0.28
4.2,0.297
4.4,0.314
4.6,0.331
4.8,0.348
5,0.364
5.2,0.381
5.4,0.398
5.6,0.417
5.8,0.435
6,0.452
6.2,0.47
6.4,0.489
6.6,0.507
6.8,0.518
7,0.526
7.2,0.535
7.4,0.544
7.6,0.552
7.8,0.56
8,0.569
7.8,0.508
7.6,0.447
7.4,0.386
7.2,0.326
7,0.269
6.8,0.215
6.6,0.17
6.4,0.13
6.2,0.099
6,0.071
5.8,0.044
5.6,0.02
5.4,0
5.2,-0.02
5,-0.038
4.8,-0.055
4.6,-0.065
4.4,-0.072
4.2,-0.08
4,-0.088
3.8,-0.095
3.6,-0.101
3.4,-0.106
3.2,-0.11
3,-0.112
2.8,-0.114
2.6,-0.116
2.4,-0.119
2.2,-0.121
2,-0.123
1.8,-0.125
1.6,-0.127
1.4,-0.129
1.2,-0.132
1,-0.134
0.8,-0.136
0.6,-0.138
0.4,-0.14
0.2,-0.142
0,-0.144
-0.2,-0.145
-0.4,-0.147
-0.6,-0.149
-0.8,-0.151
-1,-0.153
-1.2,-0.156
-1.4,-0.159
-1.6,-0.161
-1.8,-0.164
-2,-0.167
-2.2,-0.171
-2.4,-0.175
-2.6,-0.18
-2.8,-0.187
-3,-0.197
-3.2,-0.209
-3.4,-0.221
-3.6,-0.232
-3.8,-0.244
-4,-0.255
-4.2,-0.272
-4.4,-0.289
-4.6,-0.306
-4.8,-0.322
-5,-0.339
-5.2,-0.355
-5.4,-0.371
-5.6,-0.387
-5.8,-0.402
-6,-0.418
-6.2,-0.435
-6.4,-0.452
-6.6,-0.463
-6.8,-0.472
-7,-0.48
-7.2,-0.487
-7.4,-0.496
-7.6,-0.504
-7.8,-0.513
-8,-0.522
-7.8,-0.461
-7.6,-0.401
-7.4,-0.345
-7.2,-0.288
-7,-0.232
-6.8,-0.181
-6.6,-0.139
-6.4,-0.099
-6.2,-0.07
-6,-0.042
-5.8,-0.015
-5.6,0.008
-5.4,0.025
-5.2,0.039
-5,0.051
-4.8,0.061
-4.6,0.068
-4.4,0.076
-4.2,0.084
-4,0.092
-3.8,0.098
-3.6,0.103
-3.4,0.109
-3.2,0.112
-3,0.113
-2.8,0.115
-2.6,0.118
-2.4,0.12
-2.2,0.122
-2,0.123
-1.8,0.125
-1.6,0.127
-1.4,0.129
-1.2,0.131
-1,0.133
-0.8,0.135
-0.6,0.137
-0.4,0.139
-0.2,0.141
0,0.143
0.2,0.145
0.4,0.147
0.6,0.149
0.8,0.151
1,0.153
1.2,0.155
1.4,0.157
1.6,0.16
1.8,0.163
2,0.166
2.2,0.17
2.4,0.175
2.6,0.181
2.8,0.191
3,0.201
3.2,0.213
3.4,0.23
3.6,0.246
3.8,0.263
4,0.28
4.2,0.297
4.4,0.314
4.6,0.331
4.8,0.348
5,0.365
5.2,0.381
5.4,0.398
5.6,0.414
5.8,0.432
6,0.45
6.2,0.467
6.4,0.484
6.6,0.502
6.8,0.513
7,0.522
7.2,0.53
7.4,0.539
7.6,0.548
7.8,0.556
8,0.565
8.2,0.573
8.4,0.58
8.6,0.59
8.8,0.606
9,0.621
9.2,0.637
9.4,0.652
9.6,0.667
9.8,0.681
10,0.695
10.2,0.71
10.4,0.724
10.6,0.738
10.8,0.753
11,0.767
11.2,0.781
11.4,0.795
11.6,0.809
11.8,0.824
12,0.843
12.2,0.862
12.4,0.881
12.6,0.899
12.8,0.918
13,0.954
13.2,0.989
13.4,1.024
13.6,1.059
13.8,1.094
14,1.129
14.2,1.173
14.4,1.232
14.6,1.29
14.8,1.345
15,1.404
15.2,1.463
15.4,1.521
15.6,1.578
15.8,1.635
16,1.692
15.8,1.497
15.6,1.304
15.4,1.112
15.2,0.927
15,0.758
14.8,0.621
14.6,0.516
14.4,0.416
14.2,0.337
14,0.286
13.8,0.243
13.6,0.2
13.4,0.156
13.2,0.121
13,0.089
12.8,0.061
12.6,0.038
12.4,0.015
12.2,-0.005
12,-0.021
11.8,-0.033
11.6,-0.042
11.4,-0.046
11.2,-0.048
11,-0.05
10.8,-0.052
10.6,-0.054
10.4,-0.056
10.2,-0.058
10,-0.06
9.8,-0.062
9.6,-0.063
9.4,-0.065
9.2,-0.067
9,-0.069
8.8,-0.071
8.6,-0.073
8.4,-0.075
8.2,-0.077
8,-0.079
7.8,-0.081
7.6,-0.084
7.4,-0.087
7.2,-0.089
7,-0.092
6.8,-0.095
6.6,-0.098
6.4,-0.1
6.2,-0.104
6,-0.108
5.8,-0.114
5.6,-0.122
5.4,-0.129
5.2,-0.137
5,-0.143
4.8,-0.151
4.6,-0.159
4.4,-0.167
4.2,-0.175
4,-0.183
3.8,-0.19
3.6,-0.197
3.4,-0.202
3.2,-0.208
3,-0.213
2.8,-0.218
2.6,-0.223
2.4,-0.227
2.2,-0.232
2,-0.237
1.8,-0.241
1.6,-0.246
1.4,-0.25
1.2,-0.256
1,-0.261
0.8,-0.267
0.6,-0.272
0.4,-0.278
0.2,-0.285
0,-0.291
-0.2,-0.298
-0.4,-0.305
-0.6,-0.312
-0.8,-0.319
-1,-0.326
-1.2,-0.333
-1.4,-0.34
-1.6,-0.347
-1.8,-0.354
-2,-0.361
-2.2,-0.367
-2.4,-0.373
-2.6,-0.38
-2.8,-0.386
-3,-0.393
-3.2,-0.4
-3.4,-0.407
-3.6,-0.415
-3.8,-0.422
-4,-0.429
-4.2,-0.436
-4.4,-0.443
-4.6,-0.45
-4.8,-0.457
-5,-0.465
-5.2,-0.473
-5.4,-0.481
-5.6,-0.489
-5.8,-0.497
-6,-0.504
-6.2,-0.511
-6.4,-0.519
-6.6,-0.526
-6.8,-0.533
-7,-0.54
-7.2,-0.547
-7.4,-0.554
-7.6,-0.561
-7.8,-0.568
-8,-0.574
-8.2,-0.579
-8.4,-0.586
-8.6,-0.596
-8.8,-0.611
-9,-0.626
-9.2,-0.64
-9.4,-0.654
-9.6,-0.669
-9.8,-0.683
-10,-0.698
-10.2,-0.712
-10.4,-0.727
-10.6,-0.741
-10.8,-0.756
-11,-0.77
-11.2,-0.785
-11.4,-0.799
-11.6,-0.813
-11.8,-0.828
-12,-0.847
-12.2,-0.866
-12.4,-0.885
-12.6,-0.903
-12.8,-0.939
-13,-0.974
-13.2,-1.009
-13.4,-1.044
-13.6,-1.079
-13.8,-1.114
-14,-1.158
-14.2,-1.202
-14.4,-1.259
-14.6,-1.316
-14.8,-1.369
-15,-1.428
-15.2,-1.486
-15.4,-1.544
-15.6,-1.602
-15.8,-1.659
-16,-1.716
-15.8,-1.522
-15.6,-1.329
-15.4,-1.138
-15.2,-0.953
-15,-0.785
-14.8,-0.64
-14.6,-0.53
-14.4,-0.43
-14.2,-0.34
-14,-0.287
-13.8,-0.244
-13.6,-0.201
-13.4,-0.159
-13.2,-0.127
-13,-0.095
-12.8,-0.064
-12.6,-0.037
-12.4,-0.014
-12.2,0.006
-12,0.023
-11.8,0.034
-11.6,0.043
-11.4,0.045
-11.2,0.047
-11,0.049
-10.8,0.051
-10.6,0.053
-10.4,0.055
-10.2,0.057
-10,0.059
-9.8,0.061
-9.6,0.063
-9.4,0.065
-9.2,0.067
-9,0.069
-8.8,0.071
-8.6,0.073
-8.4,0.075
-8.2,0.077
-8,0.079
-7.8,0.081
-7.6,0.084
-7.4,0.086
-7.2,0.089
-7,0.092
-6.8,0.095
-6.6,0.097
-6.4,0.099
-6.2,0.103
-6,0.107
-5.8,0.111
-5.6,0.117
-5.4,0.122
-5.2,0.129
-5,0.136
-4.8,0.143
-4.6,0.151
-4.4,0.159
-4.2,0.167
-4,0.174
-3.8,0.182
-3.6,0.189
-3.4,0.196
-3.2,0.201
-3,0.207
-2.8,0.212
-2.6,0.217
-2.4,0.222
-2.2,0.226
-2,0.231
-1.8,0.236
-1.6,0.24
-1.4,0.245
-1.2,0.249
-1,0.254
-0.8,0.259
-0.6,0.263
-0.4,0.269
-0.2,0.274
0,0.28
0.2,0.285
0.4,0.29
0.6,0.297
0.8,0.304
1,0.311
1.2,0.318
1.4,0.325
1.6,0.332
1.8,0.339
2,0.345
2.2,0.352
2.4,0.359
2.6,0.365
2.8,0.372
3,0.378
3.2,0.385
3.4,0.391
3.6,0.398
3.8,0.404
4,0.41
4.2,0.417
4.4,0.424
4.6,0.431
4.8,0.438
5,0.445
5.2,0.452
5.4,0.459
5.6,0.466
5.8,0.473
6,0.481
6.2,0.489
6.4,0.497
6.6,0.504
6.8,0.511
7,0.518
7.2,0.526
7.4,0.533
7.6,0.54
7.8,0.547
8,0.554
8.2,0.561
8.4,0.568
8.6,0.575
8.8,0.582
9,0.589
9.2,0.597
9.4,0.606
9.6,0.62
9.8,0.634
10,0.649
10.2,0.663
10.4,0.677
10.6,0.692
10.8,0.706
11,0.72
11.2,0.735
11.4,0.749
11.6,0.763
11.8,0.778
12,0.792
12.2,0.806
12.4,0.821
12.6,0.835
12.8,0.854
13,0.872
13.2,0.891
13.4,0.91
13.6,0.945
13.8,0.98
14,1.015
14.2,1.05
14.4,1.084
14.6,1.127
14.8,1.186
15,1.243
15.2,1.299
15.4,1.362
15.6,1.42
15.8,1.478
16,1.536
15.8,1.342
15.6,1.148
15.4,0.962
15.2,0.786
15,0.645
14.8,0.527
14.6,0.422
14.4,0.355
14.2,0.306
14,0.259
13.8,0.216
13.6,0.177
13.4,0.145
13.2,0.113
13,0.084
12.8,0.058
12.6,0.035
12.4,0.013
12.2,-0.009
12,-0.021
11.8,-0.032
11.6,-0.04
11.4,-0.045
11.2,-0.049
11,-0.05
10.8,-0.052
10.6,-0.054
10.4,-0.056
10.2,-0.058
10,-0.06
9.8,-0.062
9.6,-0.064
9.4,-0.066
9.2,-0.068
9,-0.07
8.8,-0.072
8.6,-0.074
8.4,-0.076
8.2,-0.078
8,-0.08
7.8,-0.082
7.6,-0.084
7.4,-0.086
7.2,-0.088
7,-0.091
6.8,-0.094
6.6,-0.097
6.4,-0.099
6.2,-0.102
6,-0.105
5.8,-0.107
5.6,-0.11
5.4,-0.113
5.2,-0.115
5,-0.119
4.8,-0.123
4.6,-0.129
4.4,-0.136
4.2,-0.144
4,-0.152
3.8,-0.16
3.6,-0.168
3.4,-0.176
3.2,-0.185
3,-0.194
2.8,-0.202
2.6,-0.209
2.4,-0.215
2.2,-0.22
2,-0.225
1.8,-0.231
1.6,-0.235
1.4,-0.24
1.2,-0.244
1,-0.249
0.8,-0.254
0.6,-0.258
0.4,-0.263
0.2,-0.268
0,-0.274
-0.2,-0.279
-0.4,-0.284
-0.6,-0.29
-0.8,-0.297
-1,-0.304
-1.2,-0.311
-1.4,-0.318
-1.6,-0.325
-1.8,-0.332
-2,-0.339
-2.2,-0.345
-2.4,-0.352
-2.6,-0.358
-2.8,-0.365
-3,-0.371
-3.2,-0.378
-3.4,-0.384
-3.6,-0.391
-3.8,-0.397
-4,-0.404
-4.2,-0.411
-4.4,-0.418
-4.6,-0.425
-4.8,-0.433
-5,-0.44
-5.2,-0.447
-5.4,-0.454
-5.6,-0.462
-5.8,-0.469
-6,-0.477
-6.2,-0.485
-6.4,-0.493
-6.6,-0.5
-6.8,-0.508
-7,-0.516
-7.2,-0.524
-7.4,-0.532
-7.6,-0.54
-7.8,-0.547
-8,-0.555
-8.2,-0.562
-8.4,-0.569
-8.6,-0.576
-8.8,-0.583
-9,-0.591
-9.2,-0.598
-9.4,-0.605
-9.6,-0.62
-9.8,-0.634
-10,-0.648
-10.2,-0.663
-10.4,-0.677
-10.6,-0.691
-10.8,-0.706
-11,-0.72
-11.2,-0.735
-11.4,-0.749
-11.6,-0.763
-11.8,-0.778
-12,-0.792
-12.2,-0.806
-12.4,-0.821
-12.6,-0.835
-12.8,-0.854
-13,-0.872
-13.2,-0.891
-13.4,-0.91
-13.6,-0.945
-13.8,-0.98
-14,-1.015
-14.2,-1.05
-14.4,-1.085
-14.6,-1.128
-14.8,-1.172
-15,-1.231
-15.2,-1.288
-15.4,-1.352
-15.6,-1.416
-15.8,-1.477
-16,-1.534
-15.8,-1.34
-15.6,-1.147
-15.4,-0.962
-15.2,-0.791
-15,-0.658
-14.8,-0.54
-14.6,-0.435
-14.4,-0.361
-14.2,-0.312
-14,-0.265
-13.8,-0.222
-13.6,-0.185
-13.4,-0.153
-13.2,-0.121
-13,-0.09
-12.8,-0.063
-12.6,-0.037
-12.4,-0.015
-12.2,0.007
-12,0.022
-11.8,0.032
-11.6,0.04
-11.4,0.045
-11.2,0.049
-11,0.05
-10.8,0.052
-10.6,0.054
-10.4,0.056
-10.2,0.058
-10,0.06
-9.8,0.062
-9.6,0.064
-9.4,0.066
-9.2,0.068
-9,0.07
-8.8,0.072
-8.6,0.074
-8.4,0.075
-8.2,0.077
-8,0.079
-7.8,0.081
-7.6,0.083
-7.4,0.085
-7.2,0.087
-7,0.09
-6.8,0.093
-6.6,0.095
-6.4,0.098
-6.2,0.101
-6,0.104
-5.8,0.106
-5.6,0.109
-5.4,0.112
-5.2,0.114
-5,0.117
-4.8,0.12
-4.6,0.124
-4.4,0.128
-4.2,0.135
-4,0.143
-3.8,0.151
-3.6,0.159
-3.4,0.167
-3.2,0.175
-3,0.184
-2.8,0.193
-2.6,0.201
-2.4,0.208
-2.2,0.214
-2,0.22
-1.8,0.225
-1.6,0.23
-1.4,0.235
-1.2,0.239
-1,0.244
-0.8,0.249
-0.6,0.253
-0.4,0.258
-0.2,0.262
0,0.267
0.2,0.272
0.4,0.277
0.6,0.282
0.8,0.288
1,0.293
1.2,0.299
1.4,0.306
1.6,0.313
1.8,0.32
2,0.327
2.2,0.334
2.4,0.341
2.6,0.347
2.8,0.353
3,0.36
3.2,0.366
3.4,0.373
3.6,0.379
3.8,0.386
4,0.392
4.2,0.399
4.4,0.405
4.6,0.411
4.8,0.418
5,0.424
5.2,0.431
5.4,0.439
5.6,0.446
5.8,0.453
6,0.46
6.2,0.467
6.4,0.475
6.6,0.482
6.8,0.489
7,0.497
7.2,0.505
7.4,0.512
7.6,0.52
7.8,0.528
8,0.536
8.2,0.544
8.4,0.551
8.6,0.559
8.8,0.566
9,0.573
9.2,0.58
9.4,0.587
9.6,0.594
9.8,0.601
10,0.61
10.2,0.618
10.4,0.626
10.6,0.64
10.8,0.654
11,0.669
11.2,0.683
11.4,0.697
11.6,0.711
11.8,0.726
12,0.74
12.2,0.754
12.4,0.768
12.6,0.783
12.8,0.797
13,0.811
13.2,0.826
13.4,0.845
13.6,0.863
13.8,0.882
14,0.901
14.2,0.919
14.4,0.954
14.6,0.989
14.8,1.028
15,1.072
15.2,1.13
15.4,1.188
15.6,1.253
15.8,1.318
16,1.382
15.8,1.188
15.6,0.997
15.4,0.818
15.2,0.667
15,0.539
14.8,0.443
14.6,0.38
14.4,0.322
14.2,0.272
14,0.224
13.8,0.192
13.6,0.16
13.4,0.128
13.2,0.101
13,0.074
12.8,0.051
12.6,0.033
12.4,0.015
12.2,-0.002
12,-0.017
11.8,-0.027
11.6,-0.038
11.4,-0.046
11.2,-0.05
11,-0.054
10.8,-0.055
10.6,-0.057
10.4,-0.059
10.2,-0.061
10,-0.063
9.8,-0.065
9.6,-0.067
9.4,-0.069
9.2,-0.071
9,-0.073
8.8,-0.075
8.6,-0.077
8.4,-0.079
8.2,-0.081
8,-0.083
7.8,-0.085
7.6,-0.087
7.4,-0.089
7.2,-0.091
7,-0.093
6.8,-0.095
6.6,-0.097
6.4,-0.1
6.2,-0.103
6,-0.105
5.8,-0.107
5.6,-0.108
5.4,-0.11
5.2,-0.111
5,-0.112
4.8,-0.115
4.6,-0.117
4.4,-0.12
4.2,-0.123
4,-0.127
3.8,-0.131
3.6,-0.139
3.4,-0.147
3.2,-0.155
3,-0.164
2.8,-0.172
2.6,-0.181
2.4,-0.19
2.2,-0.199
2,-0.207
1.8,-0.216
1.6,-0.223
1.4,-0.229
1.2,-0.234
1,-0.24
0.8,-0.245
0.6,-0.249
0.4,-0.254
0.2,-0.259
0,-0.263
-0.2,-0.268
-0.4,-0.272
-0.6,-0.278
-0.8,-0.283
-1,-0.288
-1.2,-0.295
-1.4,-0.301
-1.6,-0.308
-1.8,-0.315
-2,-0.322
-2.2,-0.329
-2.4,-0.336
-2.6,-0.343
-2.8,-0.349
-3,-0.356
-3.2,-0.362
-3.4,-0.369
-3.6,-0.375
-3.8,-0.381
-4,-0.388
-4.2,-0.394
-4.4,-0.401
-4.6,-0.407
-4.8,-0.414
-5,-0.421
-5.2,-0.428
-5.4,-0.435
-5.6,-0.443
-5.8,-0.45
-6,-0.457
-6.2,-0.464
-6.4,-0.472
-6.6,-0.479
-6.8,-0.486
-7,-0.494
-7.2,-0.502
-7.4,-0.51
-7.6,-0.518
-7.8,-0.526
-8,-0.534
-8.2,-0.542
-8.4,-0.55
-8.6,-0.557
-8.8,-0.565
-9,-0.573
-9.2,-0.581
-9.4,-0.588
-9.6,-0.596
-9.8,-0.603
-10,-0.61
-10.2,-0.618
-10.4,-0.633
-10.6,-0.647
-10.8,-0.662
-11,-0.676
-11.2,-0.691
-11.4,-0.705
-11.6,-0.719
-11.8,-0.734
-12,-0.748
-12.2,-0.762
-12.4,-0.776
-12.6,-0.791
-12.8,-0.805
-13,-0.819
-13.2,-0.833
-13.4,-0.852
-13.6,-0.871
-13.8,-0.889
-14,-0.908
-14.2,-0.943
-14.4,-0.978
-14.6,-1.013
-14.8,-1.048
-15,-1.091
-15.2,-1.134
-15.4,-1.192
-15.6,-1.257
-15.8,-1.322
-16,-1.385
-15.8,-1.191
-15.6,-1
-15.4,-0.827
-15.2,-0.69
-15,-0.562
-14.8,-0.452
-14.6,-0.389
-14.4,-0.331
-14.2,-0.281
-14,-0.234
-13.8,-0.202
-13.6,-0.17
-13.4,-0.138
-13.2,-0.108
-13,-0.08
-12.8,-0.054
-12.6,-0.033
-12.4,-0.015
-12.2,0.003
-12,0.017
-11.8,0.027
-11.6,0.037
-11.4,0.045
-11.2,0.049
-11,0.053
-10.8,0.054
-10.6,0.056
-10.4,0.058
-10.2,0.06
-10,0.062
-9.8,0.064
-9.6,0.066
-9.4,0.068
-9.2,0.07
-9,0.072
-8.8,0.074
-8.6,0.076
-8.4,0.078
-8.2,0.08
-8,0.082
-7.8,0.084
-7.6,0.085
-7.4,0.087
-7.2,0.089
-7,0.091
-6.8,0.093
-6.6,0.095
-6.4,0.098
-6.2,0.101
-6,0.103
-5.8,0.105
-5.6,0.107
-5.4,0.109
-5.2,0.11
-5,0.112
-4.8,0.113
-4.6,0.116
-4.4,0.118
-4.2,0.121
-4,0.124
-3.8,0.128
-3.6,0.132
-3.4,0.141
-3.2,0.149
-3,0.157
-2.8,0.165
-2.6,0.173
-2.4,0.182
-2.2,0.191
-2,0.2
-1.8,0.208
-1.6,0.216
-1.4,0.224
-1.2,0.229
-1,0.235
-0.8,0.24
-0.6,0.245
-0.4,0.249
-0.2,0.254
0,0.259
0.2,0.263
0.4,0.268
0.6,0.272
0.8,0.277
1,0.281
1.2,0.287
1.4,0.292
1.6,0.297
1.8,0.304
2,0.311
2.2,0.318
2.4,0.325
2.6,0.332
2.8,0.339
3,0.345
3.2,0.352
3.4,0.358
3.6,0.364
3.8,0.371
4,0.377
4.2,0.384
4.4,0.39
4.6,0.397
4.8,0.403
5,0.409
5.2,0.416
5.4,0.422
5.6,0.429
5.8,0.435
6,0.441
6.2,0.449
6.4,0.456
6.6,0.463
6.8,0.47
7,0.477
7.2,0.485
7.4,0.492
7.6,0.499
7.8,0.506
8,0.514
8.2,0.522
8.4,0.53
8.6,0.538
8.8,0.545
9,0.553
9.2,0.561
9.4,0.569
9.6,0.576
9.8,0.584
10,0.592
10.2,0.599
10.4,0.606
10.6,0.613
10.8,0.622
11,0.63
11.2,0.637
11.4,0.652
11.6,0.666
11.8,0.681
12,0.695
12.2,0.709
12.4,0.724
12.6,0.738
12.8,0.752
13,0.766
13.2,0.78
13.4,0.794
13.6,0.808
13.8,0.827
14,0.845
14.2,0.864
14.4,0.882
14.6,0.901
14.8,0.935
15,0.97
15.2,1.014
15.4,1.057
15.6,1.122
15.8,1.187
16,1.251
16.2,1.316
16.4,1.38
16.6,1.444
16.8,1.507
17,1.57
17.2,1.632
17.4,1.688
17.6,1.744
17.8,1.792
18,1.837
18.2,1.882
18.4,1.914
18.6,1.934
18.8,1.954
19,1.974
19.2,1.994
19.4,2.011
19.6,2.019
19.8,2.028
20,2.036
20.2,2.042
20.4,2.035
20.6,2.027
20.8,2.018
21,2.008
21.2,1.999
21.4,1.988
21.6,1.978
21.8,1.967
22,1.956
22.2,1.944
22.4,1.933
22.6,1.921
22.8,1.908
23,1.896
23.2,1.884
23.4,1.872
23.6,1.859
23.8,1.847
24,1.834
24.2,1.822
24.4,1.809
24.6,1.796
24.8,1.783
25,1.771
25.2,1.758
25.4,1.746
25.6,1.734
25.8,1.722
26,1.711
26.2,1.699
26.4,1.688
26.6,1.677
26.8,1.666
27,1.655
27.2,1.643
27.4,1.632
27.6,1.621
27.8,1.609
28,1.598
28.2,1.586
28.4,1.575
28.6,1.565
28.8,1.555
29,1.545
29.2,1.535
29.4,1.526
29.6,1.516
29.8,1.507
30,1.498
30.2,1.489
30.4,1.48
30.6,1.471
30.8,1.463
31,1.454
31.2,1.446
31.4,1.438
31.6,1.43
31.8,1.422
32,1.414
31.8,1.273
31.6,1.147
31.4,1.023
31.2,0.916
31,0.813
30.8,0.719
30.6,0.637
30.4,0.582
30.2,0.532
30,0.492
29.8,0.457
29.6,0.425
29.4,0.393
29.2,0.361
29,0.331
28.8,0.3
28.6,0.276
28.4,0.256
28.2,0.235
28,0.215
27.8,0.194
27.6,0.174
27.4,0.154
27.2,0.139
27,0.123
26.8,0.113
26.6,0.103
26.4,0.095
26.2,0.087
26,0.079
25.8,0.071
25.6,0.063
25.4,0.055
25.2,0.05
25,0.045
24.8,0.041
24.6,0.037
24.4,0.034
24.2,0.03
24,0.027
23.8,0.023
23.6,0.02
23.4,0.016
23.2,0.013
23,0.011
22.8,0.008
22.6,0.005
22.4,0.002
22.2,-0.001
22,-0.003
21.8,-0.004
21.6,-0.006
21.4,-0.007
21.2,-0.009
21,-0.01
20.8,-0.012
20.6,-0.013
20.4,-0.015
20.2,-0.016
20,-0.017
19.8,-0.019
19.6,-0.02
19.4,-0.021
19.2,-0.022
19,-0.023
18.8,-0.024
18.6,-0.026
18.4,-0.027
18.2,-0.029
18,-0.03
17.8,-0.032
17.6,-0.033
17.4,-0.035
17.2,-0.036
17,-0.038
16.8,-0.039
16.6,-0.041
16.4,-0.042
16.2,-0.043
16,-0.045
15.8,-0.046
15.6,-0.047
15.4,-0.049
15.2,-0.05
15,-0.051
14.8,-0.053
14.6,-0.054
14.4,-0.055
14.2,-0.057
14,-0.058
13.8,-0.059
13.6,-0.061
13.4,-0.062
13.2,-0.064
13,-0.065
12.8,-0.067
12.6,-0.068
12.4,-0.07
12.2,-0.071
12,-0.073
11.8,-0.074
11.6,-0.076
11.4,-0.078
11.2,-0.079
11,-0.081
10.8,-0.082
10.6,-0.083
10.4,-0.085
10.2,-0.086
10,-0.088
9.8,-0.089
9.6,-0.091
9.4,-0.093
9.2,-0.096
9,-0.098
8.8,-0.1
8.6,-0.102
8.4,-0.104
8.2,-0.108
8,-0.111
7.8,-0.115
7.6,-0.119
7.4,-0.123
7.2,-0.127
7,-0.131
6.8,-0.135
6.6,-0.139
6.4,-0.143
6.2,-0.147
6,-0.152
5.8,-0.157
5.6,-0.161
5.4,-0.165
5.2,-0.169
5,-0.173
4.8,-0.178
4.6,-0.182
4.4,-0.187
4.2,-0.192
4,-0.196
3.8,-0.201
3.6,-0.205
3.4,-0.21
3.2,-0.214
3,-0.219
2.8,-0.224
2.6,-0.228
2.4,-0.233
2.2,-0.237
2,-0.242
1.8,-0.246
1.6,-0.251
1.4,-0.255
1.2,-0.259
1,-0.263
0.8,-0.267
0.6,-0.272
0.4,-0.277
0.2,-0.282
0,-0.288
-0.2,-0.293
-0.4,-0.298
-0.6,-0.303
-0.8,-0.31
-1,-0.316
-1.2,-0.322
-1.4,-0.329
-1.6,-0.335
-1.8,-0.342
-2,-0.348
-2.2,-0.355
-2.4,-0.361
-2.6,-0.367
-2.8,-0.374
-3,-0.38
-3.2,-0.387
-3.4,-0.393
-3.6,-0.399
-3.8,-0.406
-4,-0.412
-4.2,-0.418
-4.4,-0.425
-4.6,-0.431
-4.8,-0.437
-5,-0.443
-5.2,-0.449
-5.4,-0.455
-5.6,-0.461
-5.8,-0.468
-6,-0.474
-6.2,-0.481
-6.4,-0.487
-6.6,-0.493
-6.8,-0.5
-7,-0.506
-7.2,-0.512
-7.4,-0.519
-7.6,-0.525
-7.8,-0.531
-8,-0.537
-8.2,-0.544
-8.4,-0.551
-8.6,-0.558
-8.8,-0.57
-9,-0.581
-9.2,-0.593
-9.4,-0.605
-9.6,-0.617
-9.8,-0.628
-10,-0.638
-10.2,-0.649
-10.4,-0.659
-10.6,-0.67
-10.8,-0.68
-11,-0.691
-11.2,-0.701
-11.4,-0.714
-11.6,-0.728
-11.8,-0.741
-12,-0.754
-12.2,-0.767
-12.4,-0.78
-12.6,-0.793
-12.8,-0.806
-13,-0.819
-13.2,-0.833
-13.4,-0.846
-13.6,-0.866
-13.8,-0.886
-14,-0.908
-14.2,-0.936
-14.4,-0.964
-14.6,-0.992
-14.8,-1.02
-15,-1.048
-15.2,-1.076
-15.4,-1.125
-15.6,-1.174
-15.8,-1.232
-16,-1.289
-16.2,-1.347
-16.4,-1.404
-16.6,-1.462
-16.8,-1.519
-17,-1.575
-17.2,-1.631
-17.4,-1.687
-17.6,-1.743
-17.8,-1.792
-18,-1.837
-18.2,-1.882
-18.4,-1.914
-18.6,-1.941
-18.8,-1.961
-19,-1.981
-19.2,-2.001
-19.4,-2.014
-19.6,-2.023
-19.8,-2.031
-20,-2.037
-20.2,-2.036
-20.4,-2.029
-20.6,-2.02
-20.8,-2.012
-21,-2.002
-21.2,-1.993
-21.4,-1.983
-21.6,-1.973
-21.8,-1.962
-22,-1.95
-22.2,-1.939
-22.4,-1.927
-22.6,-1.915
-22.8,-1.903
-23,-1.891
-23.2,-1.878
-23.4,-1.866
-23.6,-1.854
-23.8,-1.841
-24,-1.829
-24.2,-1.816
-24.4,-1.803
-24.6,-1.791
-24.8,-1.778
-25,-1.766
-25.2,-1.753
-25.4,-1.741
-25.6,-1.729
-25.8,-1.717
-26,-1.706
-26.2,-1.694
-26.4,-1.683
-26.6,-1.672
-26.8,-1.661
-27,-1.65
-27.2,-1.639
-27.4,-1.627
-27.6,-1.616
-27.8,-1.604
-28,-1.592
-28.2,-1.581
-28.4,-1.569
-28.6,-1.559
-28.8,-1.549
-29,-1.539
-29.2,-1.529
-29.4,-1.52
-29.6,-1.51
-29.8,-1.501
-30,-1.492
-30.2,-1.484
-30.4,-1.475
-30.6,-1.467
-30.8,-1.458
-31,-1.45
-31.2,-1.442
-31.4,-1.435
-31.6,-1.427
-31.8,-1.419
-32,-1.41
-31.8,-1.267
-31.6,-1.14
-31.4,-1.014
-31.2,-0.908
-31,-0.806
-30.8,-0.713
-30.6,-0.636
-30.4,-0.579
-30.2,-0.535
-30,-0.496
-29.8,-0.462
-29.6,-0.429
-29.4,-0.397
-29.2,-0.364
-29,-0.332
-28.8,-0.302
-28.6,-0.278
-28.4,-0.258
-28.2,-0.237
-28,-0.217
-27.8,-0.196
-27.6,-0.176
-27.4,-0.156
-27.2,-0.14
-27,-0.125
-26.8,-0.114
-26.6,-0.105
-26.4,-0.096
-26.2,-0.088
-26,-0.08
-25.8,-0.073
-25.6,-0.065
-25.4,-0.057
-25.2,-0.051
-25,-0.046
-24.8,-0.042
-24.6,-0.038
-24.4,-0.035
-24.2,-0.031
-24,-0.028
-23.8,-0.024
-23.6,-0.021
-23.4,-0.017
-23.2,-0.014
-23,-0.012
-22.8,-0.01
-22.6,-0.008
-22.4,-0.006
-22.2,-0.004
-22,-0.002
-21.8,0
-21.6,0.001
-21.4,0.003
-21.2,0.004
-21,0.006
-20.8,0.007
-20.6,0.009
-20.4,0.01
-20.2,0.012
-20,0.013
-19.8,0.014
-19.6,0.015
-19.4,0.017
-19.2,0.018
-19,0.019
-18.8,0.02
-18.6,0.021
-18.4,0.022
-18.2,0.024
-18,0.025
-17.8,0.027
-17.6,0.028
-17.4,0.03
-17.2,0.032
-17,0.033
-16.8,0.035
-16.6,0.036
-16.4,0.037
-16.2,0.039
-16,0.04
-15.8,0.041
-15.6,0.043
-15.4,0.044
-15.2,0.045
-15,0.047
-14.8,0.048
-14.6,0.049
-14.4,0.051
-14.2,0.052
-14,0.053
-13.8,0.054
-13.6,0.056
-13.4,0.057
-13.2,0.058
-13,0.06
-12.8,0.061
-12.6,0.062
-12.4,0.064
-12.2,0.065
-12,0.066
-11.8,0.067
-11.6,0.068
-11.4,0.069
-11.2,0.071
-11,0.072
-10.8,0.073
-10.6,0.074
-10.4,0.075
-10.2,0.076
-10,0.077
-9.8,0.078
-9.6,0.08
-9.4,0.081
-9.2,0.082
-9,0.083
-8.8,0.084
-8.6,0.085
-8.4,0.086
-8.2,0.087
-8,0.088
-7.8,0.089
-7.6,0.09
-7.4,0.092
-7.2,0.093
-7,0.094
-6.8,0.095
-6.6,0.096
-6.4,0.097
-6.2,0.098
-6,0.099
-5.8,0.1
-5.6,0.101
-5.4,0.102
-5.2,0.104
-5,0.105
-4.8,0.105
-4.6,0.106
-4.4,0.107
-4.2,0.107
-4,0.108
-3.8,0.109
-3.6,0.11
-3.4,0.11
-3.2,0.111
-3,0.112
-2.8,0.113
-2.6,0.114
-2.4,0.115
-2.2,0.116
-2,0.117
-1.8,0.118
-1.6,0.119
-1.4,0.12
-1.2,0.121
-1,0.122
-0.8,0.123
-0.6,0.124
-0.4,0.125
-0.2,0.126
0,0.127
0.2,0.129
0.4,0.131
0.6,0.133
0.8,0.134
1,0.136
1.2,0.138
1.4,0.14
1.6,0.142
1.8,0.144
2,0.146
2.2,0.148
2.4,0.15
2.6,0.152
2.8,0.154
3,0.156
3.2,0.157
3.4,0.159
3.6,0.161
3.8,0.164
4,0.168
4.2,0.172
4.4,0.176
4.6,0.181
4.8,0.185
5,0.189
5.2,0.195
5.4,0.2
5.6,0.206
5.8,0.212
6,0.218
6.2,0.223
6.4,0.227
6.6,0.232
6.8,0.237
7,0.242
7.2,0.247
7.4,0.251
7.6,0.256
7.8,0.26
8,0.265
8.2,0.269
8.4,0.274
8.6,0.278
8.8,0.282
9,0.287
9.2,0.291
9.4,0.297
9.6,0.302
9.8,0.308
10,0.313
10.2,0.318
10.4,0.323
10.6,0.328
10.8,0.332
11,0.337
11.2,0.342
11.4,0.347
11.6,0.352
11.8,0.357
12,0.362
12.2,0.367
12.4,0.372
12.6,0.377
12.8,0.382
13,0.387
13.2,0.391
13.4,0.396
13.6,0.401
13.8,0.406
14,0.411
14.2,0.416
14.4,0.421
14.6,0.426
14.8,0.43
15,0.435
15.2,0.44
15.4,0.445
15.6,0.45
15.8,0.457
16,0.464
16.2,0.471
16.4,0.478
16.6,0.485
16.8,0.492
17,0.499
17.2,0.506
17.4,0.513
17.6,0.52
17.8,0.527
18,0.535
18.2,0.544
18.4,0.553
18.6,0.562
18.8,0.57
19,0.579
19.2,0.588
19.4,0.596
19.6,0.605
19.8,0.614
20,0.622
20.2,0.631
20.4,0.64
20.6,0.649
20.8,0.657
21,0.666
21.2,0.675
21.4,0.683
21.6,0.692
21.8,0.701
22,0.709
22.2,0.718
22.4,0.727
22.6,0.736
22.8,0.746
23,0.755
23.2,0.764
23.4,0.773
23.6,0.783
23.8,0.792
24,0.801
24.2,0.81
24.4,0.819
24.6,0.829
24.8,0.844
25,0.859
25.2,0.874
25.4,0.889
25.6,0.904
25.8,0.919
26,0.934
26.2,0.948
26.4,0.963
26.6,0.978
26.8,0.993
27,1.008
27.2,1.023
27.4,1.037
27.6,1.052
27.8,1.07
28,1.089
28.2,1.107
28.4,1.125
28.6,1.142
28.8,1.156
29,1.171
29.2,1.172
29.4,1.168
29.6,1.163
29.8,1.175
30,1.168
30.2,1.162
30.4,1.155
30.6,1.149
30.8,1.144
31,1.138
31.2,1.132
31.4,1.125
31.6,1.119
31.8,1.114
32,1.109
31.8,0.983
31.6,0.88
31.4,0.78
31.2,0.687
31,0.602
30.8,0.533
30.6,0.477
30.4,0.425
30.2,0.382
30,0.346
29.8,0.322
29.6,0.306
29.4,0.289
29.2,0.274
29,0.258
28.8,0.242
28.6,0.227
28.4,0.211
28.2,0.195
28,0.18
27.8,0.164
27.6,0.148
27.4,0.133
27.2,0.117
27,0.107
26.8,0.097
26.6,0.087
26.4,0.079
26.2,0.071
26,0.064
25.8,0.057
25.6,0.05
25.4,0.043
25.2,0.037
25,0.031
24.8,0.025
24.6,0.021
24.4,0.018
24.2,0.014
24,0.01
23.8,0.007
23.6,0.003
23.4,-0.001
23.2,-0.004
23,-0.007
22.8,-0.01
22.6,-0.012
22.4,-0.014
22.2,-0.016
22,-0.018
21.8,-0.02
21.6,-0.022
21.4,-0.024
21.2,-0.027
21,-0.029
20.8,-0.03
20.6,-0.032
20.4,-0.034
20.2,-0.036
20,-0.037
19.8,-0.039
19.6,-0.041
19.4,-0.042
19.2,-0.044
19,-0.046
18.8,-0.047
18.6,-0.049
18.4,-0.05
18.2,-0.052
18,-0.053
17.8,-0.054
17.6,-0.056
17.4,-0.057
17.2,-0.058
17,-0.059
16.8,-0.06
16.6,-0.061
16.4,-0.062
16.2,-0.063
16,-0.065
15.8,-0.066
15.6,-0.067
15.4,-0.068
15.2,-0.069
15,-0.07
14.8,-0.071
14.6,-0.072
14.4,-0.074
14.2,-0.075
14,-0.076
13.8,-0.078
13.6,-0.079
13.4,-0.08
13.2,-0.082
13,-0.083
12.8,-0.084
12.6,-0.085
12.4,-0.087
12.2,-0.088
12,-0.089
11.8,-0.091
11.6,-0.092
11.4,-0.093
11.2,-0.094
11,-0.096
10.8,-0.097
10.6,-0.098
10.4,-0.099
10.2,-0.1
10,-0.101
9.8,-0.102
9.6,-0.102
9.4,-0.103
9.2,-0.104
9,-0.104
8.8,-0.105
8.6,-0.106
8.4,-0.107
8.2,-0.107
8,-0.108
7.8,-0.109
7.6,-0.11
7.4,-0.111
7.2,-0.112
7,-0.112
6.8,-0.113
6.6,-0.114
6.4,-0.115
6.2,-0.116
6,-0.117
5.8,-0.118
5.6,-0.118
5.4,-0.119
5.2,-0.12
5,-0.121
4.8,-0.122
4.6,-0.123
4.4,-0.124
4.2,-0.125
4,-0.126
3.8,-0.127
3.6,-0.128
3.4,-0.129
3.2,-0.13
3,-0.131
2.8,-0.132
2.6,-0.133
2.4,-0.134
2.2,-0.135
2,-0.136
1.8,-0.137
1.6,-0.138
1.4,-0.139
1.2,-0.14
1,-0.141
0.8,-0.142
0.6,-0.143
0.4,-0.144
0.2,-0.145
0,-0.146
-0.2,-0.147
-0.4,-0.148
-0.6,-0.149
-0.8,-0.15
-1,-0.151
-1.2,-0.152
-1.4,-0.153
-1.6,-0.154
-1.8,-0.156
-2,-0.157
-2.2,-0.159
-2.4,-0.16
-2.6,-0.162
-2.8,-0.163
-3,-0.165
-3.2,-0.166
-3.4,-0.168
-3.6,-0.169
-3.8,-0.171
-4,-0.172
-4.2,-0.174
-4.4,-0.175
-4.6,-0.177
-4.8,-0.178
-5,-0.18
-5.2,-0.181
-5.4,-0.183
-5.6,-0.184
-5.8,-0.186
-6,-0.187
-6.2,-0.189
-6.4,-0.19
-6.6,-0.192
-6.8,-0.194
-7,-0.195
-7.2,-0.197
-7.4,-0.199
-7.6,-0.2
-7.8,-0.202
-8,-0.205
-8.2,-0.207
-8.4,-0.209
-8.6,-0.212
-8.8,-0.214
-9,-0.217
-9.2,-0.219
-9.4,-0.221
-9.6,-0.224
-9.8,-0.226
-10,-0.228
-10.2,-0.231
-10.4,-0.235
-10.6,-0.238
-10.8,-0.244
-11,-0.249
-11.2,-0.254
-11.4,-0.26
-11.6,-0.265
-11.8,-0.27
-12,-0.275
-12.2,-0.282
-12.4,-0.288
-12.6,-0.294
-12.8,-0.3
-13,-0.306
-13.2,-0.312
-13.4,-0.318
-13.6,-0.323
-13.8,-0.329
-14,-0.335
-14.2,-0.341
-14.4,-0.347
-14.6,-0.353
-14.8,-0.362
-15,-0.37
-15.2,-0.378
-15.4,-0.385
-15.6,-0.392
-15.8,-0.401
-16,-0.41
-16.2,-0.419
-16.4,-0.427
-16.6,-0.435
-16.8,-0.442
-17,-0.45
-17.2,-0.457
-17.4,-0.465
-17.6,-0.473
-17.8,-0.48
-18,-0.488
-18.2,-0.495
-18.4,-0.503
-18.6,-0.51
-18.8,-0.518
-19,-0.525
-19.2,-0.533
-19.4,-0.54
-19.6,-0.548
-19.8,-0.555
-20,-0.563
-20.2,-0.57
-20.4,-0.578
-20.6,-0.585
-20.8,-0.592
-21,-0.602
-21.2,-0.612
-21.4,-0.622
-21.6,-0.632
-21.8,-0.641
-22,-0.65
-22.2,-0.659
-22.4,-0.668
-22.6,-0.676
-22.8,-0.685
-23,-0.694
-23.2,-0.702
-23.4,-0.711
-23.6,-0.72
-23.8,-0.728
-24,-0.741
-24.2,-0.753
-24.4,-0.766
-24.6,-0.778
-24.8,-0.791
-25,-0.803
-25.2,-0.816
-25.4,-0.83
-25.6,-0.844
-25.8,-0.858
-26,-0.873
-26.2,-0.887
-26.4,-0.901
-26.6,-0.915
-26.8,-0.929
-27,-0.945
-27.2,-0.961
-27.4,-0.977
-27.6,-0.993
-27.8,-1.009
-28,-1.025
-28.2,-1.041
-28.4,-1.057
-28.6,-1.073
-28.8,-1.089
-29,-1.104
-29.2,-1.12
-29.4,-1.141
-29.6,-1.162
-29.8,-1.183
-30,-1.205
-30.2,-1.222
-30.4,-1.227
-30.6,-1.223
-30.8,-1.235
-31,-1.229
-31.2,-1.223
-31.4,-1.219
-31.6,-1.214
-31.8,-1.208
-32,-1.202
-31.8,-1.062
-31.6,-0.937
-31.4,-0.831
-31.2,-0.735
-31,-0.648
-30.8,-0.573
-30.6,-0.516
-30.4,-0.466
-30.2,-0.425
-30,-0.391
-29.8,-0.357
-29.6,-0.324
-29.4,-0.301
-29.2,-0.285
-29,-0.269
-28.8,-0.254
-28.6,-0.238
-28.4,-0.223
-28.2,-0.207
-28,-0.191
-27.8,-0.176
-27.6,-0.16
-27.4,-0.144
-27.2,-0.129
-27,-0.113
-26.8,-0.104
-26.6,-0.094
-26.4,-0.085
-26.2,-0.076
-26,-0.068
-25.8,-0.061
-25.6,-0.054
-25.4,-0.049
-25.2,-0.043
-25,-0.037
-24.8,-0.031
-24.6,-0.028
-24.4,-0.024
-24.2,-0.02
-24,-0.017
-23.8,-0.013
-23.6,-0.009
-23.4,-0.006
-23.2,-0.004
-23,-0.002
-22.8,0.001
-22.6,0.003
-22.4,0.005
-22.2,0.007
-22,0.009
-21.8,0.011
-21.6,0.013
-21.4,0.014
-21.2,0.016
-21,0.018
-20.8,0.02
-20.6,0.021
-20.4,0.023
-20.2,0.024
-20,0.026
-19.8,0.027
-19.6,0.029
-19.4,0.03
-19.2,0.032
-19,0.033
-18.8,0.035
-18.6,0.036
-18.4,0.038
-18.2,0.04
-18,0.041
-17.8,0.042
-17.6,0.043
-17.4,0.044
-17.2,0.046
-17,0.047
-16.8,0.048
-16.6,0.049
-16.4,0.05
-16.2,0.051
-16,0.052
-15.8,0.054
-15.6,0.055
-15.4,0.056
-15.2,0.057
-15,0.058
-14.8,0.059
-14.6,0.06
-14.4,0.061
-14.2,0.063
-14,0.064
-13.8,0.066
-13.6,0.067
-13.4,0.069
-13.2,0.07
-13,0.072
-12.8,0.073
-12.6,0.074
-12.4,0.076
-12.2,0.077
-12,0.078
-11.8,0.08
-11.6,0.081
-11.4,0.082
-11.2,0.084
-11,0.085
-10.8,0.086
-10.6,0.088
-10.4,0.089
-10.2,0.09
-10,0.091
-9.8,0.093
-9.6,0.094
-9.4,0.095
-9.2,0.096
-9,0.097
-8.8,0.098
-8.6,0.099
-8.4,0.1
-8.2,0.101
-8,0.102
-7.8,0.103
-7.6,0.103
-7.4,0.104
-7.2,0.105
-7,0.106
-6.8,0.106
-6.6,0.107
-6.4,0.108
-6.2,0.108
-6,0.109
-5.8,0.11
-5.6,0.111
-5.4,0.112
-5.2,0.113
-5,0.113
-4.8,0.114
-4.6,0.115
-4.4,0.116
-4.2,0.117
-4,0.118
-3.8,0.119
-3.6,0.12
-3.4,0.12
-3.2,0.121
-3,0.122
-2.8,0.123
-2.6,0.124
-2.4,0.125
-2.2,0.126
-2,0.127
-1.8,0.128
-1.6,0.129
-1.4,0.13
-1.2,0.131
-1,0.132
-0.8,0.133
-0.6,0.134
-0.4,0.135
-0.2,0.136
0,0.137
0.2,0.138
0.4,0.139
0.6,0.14
0.8,0.141
1,0.142
1.2,0.143
1.4,0.144
1.6,0.145
1.8,0.146
2,0.147
2.2,0.148
2.4,0.149
2.6,0.15
2.8,0.151
3,0.152
3.2,0.153
3.4,0.154
3.6,0.155
3.8,0.156
4,0.157
4.2,0.158
4.4,0.16
4.6,0.161
4.8,0.162
5,0.164
5.2,0.165
5.4,0.166
5.6,0.168
5.8,0.169
6,0.17
6.2,0.172
6.4,0.173
6.6,0.175
6.8,0.176
7,0.178
7.2,0.179
7.4,0.181
7.6,0.182
7.8,0.183
8,0.185
8.2,0.186
8.4,0.188
8.6,0.189
8.8,0.191
9,0.192
9.2,0.194
9.4,0.195
9.6,0.197
9.8,0.198
10,0.2
10.2,0.201
10.4,0.204
10.6,0.206
10.8,0.208
11,0.211
11.2,0.213
11.4,0.215
11.6,0.218
11.8,0.22
12,0.222
12.2,0.225
12.4,0.227
12.6,0.229
12.8,0.232
13,0.234
13.2,0.236
13.4,0.239
13.6,0.241
13.8,0.244
14,0.248
14.2,0.253
14.4,0.258
14.6,0.263
14.8,0.268
15,0.273
15.2,0.278
15.4,0.284
15.6,0.29
15.8,0.296
16,0.301
16.2,0.307
16.4,0.313
16.6,0.319
16.8,0.324
17,0.33
17.2,0.336
17.4,0.341
17.6,0.347
17.8,0.353
18,0.358
18.2,0.364
18.4,0.37
18.6,0.375
18.8,0.381
19,0.389
19.2,0.397
19.4,0.405
19.6,0.415
19.8,0.424
20,0.433
20.2,0.441
20.4,0.45
20.6,0.457
20.8,0.465
21,0.472
21.2,0.48
21.4,0.487
21.6,0.494
21.8,0.502
22,0.509
22.2,0.517
22.4,0.524
22.6,0.531
22.8,0.539
23,0.546
23.2,0.553
23.4,0.561
23.6,0.568
23.8,0.576
24,0.583
24.2,0.59
24.4,0.598
24.6,0.605
24.8,0.612
25,0.62
25.2,0.627
25.4,0.637
25.6,0.647
25.8,0.656
26,0.666
26.2,0.676
26.4,0.685
26.6,0.695
26.8,0.705
27,0.714
27.2,0.723
27.4,0.732
27.6,0.744
27.8,0.756
28,0.769
28.2,0.781
28.4,0.793
28.6,0.807
28.8,0.821
29,0.835
29.2,0.849
29.4,0.863
29.6,0.877
29.8,0.892
30,0.908
30.2,0.924
30.4,0.94
30.6,0.955
30.8,0.971
31,0.992
31.2,1.012
31.4,1.023
31.6,1.035
31.8,1.035
32,1.031
31.8,0.911
31.6,0.809
31.4,0.711
31.2,0.617
31,0.535
30.8,0.467
30.6,0.41
30.4,0.37
30.2,0.338
30,0.319
29.8,0.303
29.6,0.286
29.4,0.27
29.2,0.254
29,0.238
28.8,0.222
28.6,0.207
28.4,0.191
28.2,0.175
28,0.16
27.8,0.144
27.6,0.128
27.4,0.119
27.2,0.112
27,0.104
26.8,0.097
26.6,0.09
26.4,0.083
26.2,0.076
26,0.069
25.8,0.062
25.6,0.055
25.4,0.048
25.2,0.042
25,0.036
24.8,0.03
24.6,0.024
24.4,0.02
24.2,0.016
24,0.013
23.8,0.009
23.6,0.005
23.4,0.002
23.2,-0.002
23,-0.005
22.8,-0.008
22.6,-0.01
22.4,-0.013
22.2,-0.015
22,-0.017
21.8,-0.019
21.6,-0.021
21.4,-0.023
21.2,-0.025
21,-0.028
20.8,-0.03
20.6,-0.032
20.4,-0.034
20.2,-0.036
20,-0.037
19.8,-0.039
19.6,-0.041
19.4,-0.043
19.2,-0.044
19,-0.046
18.8,-0.048
18.6,-0.049
18.4,-0.051
18.2,-0.053
18,-0.055
17.8,-0.056
17.6,-0.058
17.4,-0.06
17.2,-0.062
17,-0.063
16.8,-0.065
16.6,-0.067
16.4,-0.068
16.2,-0.069
16,-0.071
15.8,-0.072
15.6,-0.073
15.4,-0.074
15.2,-0.075
15,-0.076
14.8,-0.077
14.6,-0.078
14.4,-0.079
14.2,-0.08
14,-0.081
13.8,-0.082
13.6,-0.083
13.4,-0.084
13.2,-0.085
13,-0.086
12.8,-0.086
12.6,-0.087
12.4,-0.088
12.2,-0.089
12,-0.09
11.8,-0.091
11.6,-0.091
11.4,-0.092
11.2,-0.093
11,-0.094
10.8,-0.095
10.6,-0.096
10.4,-0.097
10.2,-0.098
10,-0.099
9.8,-0.1
9.6,-0.1
9.4,-0.101
9.2,-0.102
9,-0.103
8.8,-0.104
8.6,-0.105
8.4,-0.106
8.2,-0.107
8,-0.108
7.8,-0.109
7.6,-0.11
7.4,-0.111
7.2,-0.112
7,-0.113
6.8,-0.115
6.6,-0.116
6.4,-0.117
6.2,-0.118
6,-0.119
5.8,-0.12
5.6,-0.121
5.4,-0.122
5.2,-0.124
5,-0.125
4.8,-0.126
4.6,-0.127
4.4,-0.128
4.2,-0.129
4,-0.13
3.8,-0.131
3.6,-0.132
3.4,-0.133
3.2,-0.134
3,-0.135
2.8,-0.136
2.6,-0.137
2.4,-0.138
2.2,-0.139
2,-0.14
1.8,-0.141
1.6,-0.142
1.4,-0.143
1.2,-0.144
1,-0.145
0.8,-0.146
0.6,-0.147
0.4,-0.148
0.2,-0.149
0,-0.15
-0.2,-0.151
-0.4,-0.152
-0.6,-0.153
-0.8,-0.154
-1,-0.156
-1.2,-0.157
-1.4,-0.158
-1.6,-0.16
-1.8,-0.161
-2,-0.162
-2.2,-0.164
-2.4,-0.165
-2.6,-0.166
-2.8,-0.168
-3,-0.169
-3.2,-0.17
-3.4,-0.172
-3.6,-0.173
-3.8,-0.174
-4,-0.176
-4.2,-0.177
-4.4,-0.178
-4.6,-0.18
-4.8,-0.181
-5,-0.182
-5.2,-0.184
-5.4,-0.185
-5.6,-0.186
-5.8,-0.188
-6,-0.189
-6.2,-0.19
-6.4,-0.192
-6.6,-0.193
-6.8,-0.194
-7,-0.196
-7.2,-0.197
-7.4,-0.198
-7.6,-0.2
-7.8,-0.201
-8,-0.202
-8.2,-0.204
-8.4,-0.205
-8.6,-0.207
-8.8,-0.208
-9,-0.21
-9.2,-0.211
-9.4,-0.213
-9.6,-0.214
-9.8,-0.216
-10,-0.217
-10.2,-0.219
-10.4,-0.22
-10.6,-0.222
-10.8,-0.223
-11,-0.224
-11.2,-0.226
-11.4,-0.227
-11.6,-0.229
-11.8,-0.23
-12,-0.232
-12.2,-0.233
-12.4,-0.235
-12.6,-0.236
-12.8,-0.238
-13,-0.24
-13.2,-0.241
-13.4,-0.243
-13.6,-0.245
-13.8,-0.246
-14,-0.249
-14.2,-0.251
-14.4,-0.253
-14.6,-0.256
-14.8,-0.258
-15,-0.26
-15.2,-0.262
-15.4,-0.265
-15.6,-0.267
-15.8,-0.269
-16,-0.272
-16.2,-0.274
-16.4,-0.276
-16.6,-0.279
-16.8,-0.281
-17,-0.285
-17.2,-0.29
-17.4,-0.295
-17.6,-0.3
-17.8,-0.305
-18,-0.31
-18.2,-0.315
-18.4,-0.32
-18.6,-0.326
-18.8,-0.332
-19,-0.34
-19.2,-0.348
-19.4,-0.356
-19.6,-0.363
-19.8,-0.371
-20,-0.379
-20.2,-0.387
-20.4,-0.394
-20.6,-0.402
-20.8,-0.41
-21,-0.421
-21.2,-0.433
-21.4,-0.445
-21.6,-0.457
-21.8,-0.469
-22,-0.481
-22.2,-0.492
-22.4,-0.504
-22.6,-0.514
-22.8,-0.525
-23,-0.535
-23.2,-0.544
-23.4,-0.552
-23.6,-0.561
-23.8,-0.569
-24,-0.577
-24.2,-0.585
-24.4,-0.592
-24.6,-0.599
-24.8,-0.607
-25,-0.614
-25.2,-0.622
-25.4,-0.629
-25.6,-0.636
-25.8,-0.644
-26,-0.651
-26.2,-0.661
-26.4,-0.671
-26.6,-0.685
-26.8,-0.698
-27,-0.712
-27.2,-0.726
-27.4,-0.739
-27.6,-0.753
-27.8,-0.767
-28,-0.78
-28.2,-0.794
-28.4,-0.808
-28.6,-0.821
-28.8,-0.837
-29,-0.853
-29.2,-0.869
-29.4,-0.885
-29.6,-0.901
-29.8,-0.919
-30,-0.937
-30.2,-0.955
-30.4,-0.974
-30.6,-0.99
-30.8,-1.006
-31,-1.027
-31.2,-1.053
-31.4,-1.079
-31.6,-1.098
-31.8,-1.116
-32,-1.124
-31.8,-0.985
-31.6,-0.866
-31.4,-0.765
-31.2,-0.668
-31,-0.58
-30.8,-0.506
-30.6,-0.452
-30.4,-0.402
-30.2,-0.36
-30,-0.337
-29.8,-0.314
-29.6,-0.297
-29.4,-0.282
-29.2,-0.266
-29,-0.25
-28.8,-0.235
-28.6,-0.219
-28.4,-0.203
-28.2,-0.188
-28,-0.172
-27.8,-0.156
-27.6,-0.141
-27.4,-0.125
-27.2,-0.113
-27,-0.105
-26.8,-0.098
-26.6,-0.091
-26.4,-0.083
-26.2,-0.076
-26,-0.069
-25.8,-0.062
-25.6,-0.056
-25.4,-0.05
-25.2,-0.045
-25,-0.039
-24.8,-0.033
-24.6,-0.028
-24.4,-0.024
-24.2,-0.021
-24,-0.017
-23.8,-0.013
-23.6,-0.011
-23.4,-0.008
-23.2,-0.005
-23,-0.003
-22.8,0
-22.6,0.002
-22.4,0.005
-22.2,0.007
-22,0.01
-21.8,0.012
-21.6,0.014
-21.4,0.016
-21.2,0.018
-21,0.02
-20.8,0.022
-20.6,0.024
-20.4,0.026
-20.2,0.028
-20,0.03
-19.8,0.031
-19.6,0.033
-19.4,0.034
-19.2,0.036
-19,0.037
-18.8,0.039
-18.6,0.04
-18.4,0.042
-18.2,0.043
-18,0.045
-17.8,0.046
-17.6,0.048
-17.4,0.049
-17.2,0.051
-17,0.052
-16.8,0.053
-16.6,0.054
-16.4,0.055
-16.2,0.056
-16,0.057
-15.8,0.059
-15.6,0.06
-15.4,0.061
-15.2,0.062
-15,0.063
-14.8,0.064
-14.6,0.065
-14.4,0.066
-14.2,0.068
-14,0.069
-13.8,0.07
-13.6,0.071
-13.4,0.072
-13.2,0.073
-13,0.074
-12.8,0.075
-12.6,0.076
-12.4,0.077
-12.2,0.078
-12,0.079
-11.8,0.08
-11.6,0.081
-11.4,0.082
-11.2,0.084
-11,0.085
-10.8,0.086
-10.6,0.088
-10.4,0.089
-10.2,0.09
-10,0.091
-9.8,0.092
-9.6,0.094
-9.4,0.095
-9.2,0.096
-9,0.097
-8.8,0.098
-8.6,0.099
-8.4,0.1
-8.2,0.101
-8,0.102
-7.8,0.102
-7.6,0.103
-7.4,0.104
-7.2,0.105
-7,0.106
-6.8,0.107
-6.6,0.108
-6.4,0.109
-6.2,0.11
-6,0.111
-5.8,0.112
-5.6,0.113
-5.4,0.114
-5.2,0.115
-5,0.116
-4.8,0.117
-4.6,0.118
-4.4,0.119
-4.2,0.119
-4,0.12
-3.8,0.121
-3.6,0.122
-3.4,0.123
-3.2,0.124
-3,0.125
-2.8,0.126
-2.6,0.127
-2.4,0.128
-2.2,0.129
-2,0.13
-1.8,0.131
-1.6,0.132
-1.4,0.133
-1.2,0.134
-1,0.135
-0.8,0.136
-0.6,0.137
-0.4,0.138
-0.2,0.139
0,0.14
