Disp(mm)  Force(kN)
0,0
0.2,0.189
0.4,0.365
0.6,0.514
0.8,0.63
1,0.726
1.2,0.812
1.4,0.892
1.6,0.966
1.8,1.034
2,1.097
2.2,1.154
2.4,1.207
2.6,1.251
2.8,1.288
3,1.322
3.2,1.354
3.4,1.383
3.6,1.411
3.8,1.438
4,1.463
4.2,1.487
4.4,1.51
4.6,1.532
4.8,1.553
5,1.573
5.2,1.593
5.4,1.612
5.6,1.63
5.8,1.648
6,1.665
6.2,1.682
6.4,1.699
6.6,1.715
6.8,1.731
7,1.746
7.2,1.762
7.4,1.776
7.6,1.791
7.8,1.806
8,1.82
8.2,1.834
8.4,1.848
8.6,1.861
8.8,1.875
9,1.888
9.2,1.901
9.4,1.914
9.6,1.927
9.8,1.939
10,1.952
10.2,1.964
10.4,1.976
10.6,1.988
10.8,1.999
11,2.01
11.2,2.021
11.4,2.032
11.6,2.042
11.8,2.052
12,2.062
12.2,2.072
12.4,2.081
12.6,2.089
12.8,2.096
13,2.103
13.2,2.109
13.4,2.115
13.6,2.121
13.8,2.126
14,2.131
14.2,2.135
14.4,2.139
14.6,2.143
14.8,2.146
15,2.149
15.2,2.152
15.4,2.155
15.6,2.157
15.8,2.157
16,2.157
16.2,2.156
16.4,2.155
16.6,2.153
16.8,2.151
17,2.149
17.2,2.145
17.4,2.142
17.6,2.137
17.8,2.133
18,2.128
18.2,2.122
18.4,2.116
18.6,2.11
18.8,2.103
19,2.096
19.2,2.088
19.4,2.078
19.6,2.069
19.8,2.059
20,2.048
20.2,2.037
20.4,2.026
20.6,2.015
20.8,2.004
21,1.992
21.2,1.981
21.4,1.969
21.6,1.957
21.8,1.945
22,1.932
22.2,1.92
22.4,1.907
22.6,1.895
22.8,1.882
23,1.87
23.2,1.857
23.4,1.844
23.6,1.831
23.8,1.818
24,1.806
23.8,1.616
23.6,1.438
23.4,1.282
23.2,1.128
23,0.986
22.8,0.871
22.6,0.781
22.4,0.702
22.2,0.629
22,0.558
21.8,0.499
21.6,0.443
21.4,0.398
21.2,0.354
21,0.309
20.8,0.265
20.6,0.225
20.4,0.191
20.2,0.167
20,0.145
19.8,0.123
19.6,0.105
19.4,0.09
19.2,0.076
19,0.063
18.8,0.049
18.6,0.038
18.4,0.03
18.2,0.023
18,0.016
17.8,0.01
17.6,0.003
17.4,-0.002
17.2,-0.006
17,-0.009
16.8,-0.012
16.6,-0.015
16.4,-0.017
16.2,-0.02
16,-0.022
15.8,-0.025
15.6,-0.027
15.4,-0.028
15.2,-0.03
15,-0.031
14.8,-0.032
14.6,-0.034
14.4,-0.035
14.2,-0.036
14,-0.038
13.8,-0.039
13.6,-0.04
13.4,-0.042
13.2,-0.043
13,-0.045
12.8,-0.046
12.6,-0.048
12.4,-0.05
12.2,-0.051
12,-0.053
11.8,-0.055
11.6,-0.056
11.4,-0.058
11.2,-0.06
11,-0.063
10.8,-0.065
10.6,-0.069
10.4,-0.075
10.2,-0.081
10,-0.087
9.8,-0.093
9.6,-0.101
9.4,-0.108
9.2,-0.114
9,-0.12
8.8,-0.126
8.6,-0.131
8.4,-0.136
8.2,-0.141
8,-0.147
7.8,-0.152
7.6,-0.157
7.4,-0.163
7.2,-0.168
7,-0.175
6.8,-0.182
6.6,-0.188
6.4,-0.195
6.2,-0.202
6,-0.209
5.8,-0.216
5.6,-0.222
5.4,-0.229
5.2,-0.236
5,-0.242
4.8,-0.25
4.6,-0.257
4.4,-0.265
4.2,-0.272
4,-0.283
3.8,-0.297
3.6,-0.31
3.4,-0.323
3.2,-0.335
3,-0.346
2.8,-0.359
2.6,-0.375
2.4,-0.39
2.2,-0.406
2,-0.421
1.8,-0.44
1.6,-0.462
1.4,-0.483
1.2,-0.513
1,-0.545
0.8,-0.575
0.6,-0.604
0.4,-0.635
0.2,-0.692
0,-0.747
0.2,-0.565
0.4,-0.401
0.6,-0.264
0.8,-0.134
1,-0.046
1.2,0.013
1.4,0.049
1.6,0.075
1.8,0.097
2,0.115
2.2,0.129
2.4,0.138
2.6,0.143
2.8,0.146
3,0.149
3.2,0.152
3.4,0.156
3.6,0.159
3.8,0.162
4,0.166
4.2,0.169
4.4,0.172
4.6,0.174
4.8,0.177
5,0.179
5.2,0.182
5.4,0.184
5.6,0.187
5.8,0.19
6,0.192
6.2,0.195
6.4,0.197
6.6,0.2
6.8,0.202
7,0.204
7.2,0.206
7.4,0.208
7.6,0.21
7.8,0.211
8,0.213
8.2,0.216
8.4,0.218
8.6,0.221
8.8,0.224
9,0.227
9.2,0.229
9.4,0.232
9.6,0.235
9.8,0.238
10,0.24
10.2,0.243
10.4,0.246
10.6,0.248
10.8,0.251
11,0.254
11.2,0.257
11.4,0.261
11.6,0.265
11.8,0.269
12,0.272
12.2,0.279
12.4,0.285
12.6,0.293
12.8,0.303
13,0.315
13.2,0.328
13.4,0.342
13.6,0.356
13.8,0.37
14,0.384
14.2,0.398
14.4,0.417
14.6,0.436
14.8,0.456
15,0.475
15.2,0.494
15.4,0.513
15.6,0.532
15.8,0.551
16,0.573
16.2,0.594
16.4,0.615
16.6,0.636
16.8,0.657
17,0.68
17.2,0.703
17.4,0.725
17.6,0.748
17.8,0.768
18,0.782
18.2,0.795
18.4,0.808
18.6,0.826
18.8,0.85
19,0.874
19.2,0.898
19.4,0.921
19.6,0.949
19.8,0.977
20,1.005
20.2,1.033
20.4,1.06
20.6,1.086
20.8,1.112
21,1.139
21.2,1.161
21.4,1.188
21.6,1.216
21.8,1.243
22,1.271
22.2,1.31
22.4,1.349
22.6,1.388
22.8,1.427
23,1.466
23.2,1.505
23.4,1.544
23.6,1.596
23.8,1.648
24,1.706
23.8,1.518
23.6,1.345
23.4,1.188
23.2,1.034
23,0.888
22.8,0.775
22.6,0.685
22.4,0.61
22.2,0.546
22,0.487
21.8,0.43
21.6,0.385
21.4,0.34
21.2,0.298
21,0.266
20.8,0.236
20.6,0.209
20.4,0.182
20.2,0.159
20,0.137
19.8,0.115
19.6,0.092
19.4,0.077
19.2,0.063
19,0.049
18.8,0.035
18.6,0.023
18.4,0.014
18.2,0.006
18,-0.001
17.8,-0.005
17.6,-0.009
17.4,-0.013
17.2,-0.017
17,-0.019
16.8,-0.022
16.6,-0.024
16.4,-0.027
16.2,-0.03
16,-0.032
15.8,-0.034
15.6,-0.036
15.4,-0.038
15.2,-0.04
15,-0.041
14.8,-0.043
14.6,-0.045
14.4,-0.046
14.2,-0.048
14,-0.05
13.8,-0.051
13.6,-0.053
13.4,-0.054
13.2,-0.056
13,-0.057
12.8,-0.059
12.6,-0.06
12.4,-0.061
12.2,-0.063
12,-0.064
11.8,-0.066
11.6,-0.067
11.4,-0.069
11.2,-0.071
11,-0.072
10.8,-0.074
10.6,-0.076
10.4,-0.077
10.2,-0.079
10,-0.081
9.8,-0.082
9.6,-0.085
9.4,-0.087
9.2,-0.09
9,-0.092
8.8,-0.094
8.6,-0.098
8.4,-0.104
8.2,-0.11
8,-0.121
7.8,-0.131
7.6,-0.141
7.4,-0.15
7.2,-0.16
7,-0.168
6.8,-0.173
6.6,-0.179
6.4,-0.183
6.2,-0.188
6,-0.193
5.8,-0.197
5.6,-0.203
5.4,-0.21
5.2,-0.217
5,-0.224
4.8,-0.23
4.6,-0.237
4.4,-0.244
4.2,-0.25
4,-0.257
3.8,-0.263
3.6,-0.269
3.4,-0.277
3.2,-0.284
3,-0.297
2.8,-0.311
2.6,-0.325
2.4,-0.339
2.2,-0.354
2,-0.368
1.8,-0.382
1.6,-0.4
1.4,-0.428
1.2,-0.455
1,-0.482
0.8,-0.525
0.6,-0.568
0.4,-0.61
0.2,-0.675
0,-0.741
0.2,-0.558
0.4,-0.395
0.6,-0.255
0.8,-0.126
1,-0.048
1.2,0.001
1.4,0.037
1.6,0.065
1.8,0.087
2,0.105
2.2,0.118
2.4,0.126
2.6,0.131
2.8,0.136
3,0.14
3.2,0.143
3.4,0.146
3.6,0.149
3.8,0.152
4,0.155
4.2,0.158
4.4,0.162
4.6,0.165
4.8,0.167
5,0.169
5.2,0.171
5.4,0.174
5.6,0.176
5.8,0.178
6,0.18
6.2,0.182
6.4,0.185
6.6,0.188
6.8,0.19
7,0.193
7.2,0.195
7.4,0.198
7.6,0.2
7.8,0.202
8,0.204
8.2,0.205
8.4,0.207
8.6,0.209
8.8,0.211
9,0.213
9.2,0.215
9.4,0.217
9.6,0.219
9.8,0.222
10,0.225
10.2,0.227
10.4,0.23
10.6,0.233
10.8,0.236
11,0.238
11.2,0.241
11.4,0.244
11.6,0.246
11.8,0.249
12,0.252
12.2,0.255
12.4,0.259
12.6,0.263
12.8,0.267
13,0.271
13.2,0.275
13.4,0.282
13.6,0.288
13.8,0.298
14,0.307
14.2,0.316
14.4,0.325
14.6,0.339
14.8,0.353
15,0.367
15.2,0.381
15.4,0.394
15.6,0.413
15.8,0.432
16,0.451
16.2,0.47
16.4,0.489
16.6,0.508
16.8,0.527
17,0.546
17.2,0.568
17.4,0.589
17.6,0.611
17.8,0.632
18,0.654
18.2,0.677
18.4,0.699
18.6,0.721
18.8,0.744
19,0.765
19.2,0.78
19.4,0.793
19.6,0.806
19.8,0.83
20,0.853
20.2,0.877
20.4,0.903
20.6,0.931
20.8,0.959
21,0.986
21.2,1.014
21.4,1.042
21.6,1.069
21.8,1.095
22,1.121
22.2,1.154
22.4,1.181
22.6,1.209
22.8,1.248
23,1.287
23.2,1.326
23.4,1.366
23.6,1.405
23.8,1.458
24,1.52
23.8,1.33
23.6,1.169
23.4,1.014
23.2,0.867
23,0.75
22.8,0.656
22.6,0.574
22.4,0.499
22.2,0.442
22,0.397
21.8,0.352
21.6,0.319
21.4,0.287
21.2,0.26
21,0.233
20.8,0.209
20.6,0.186
20.4,0.164
20.2,0.141
20,0.12
19.8,0.105
19.6,0.089
19.4,0.074
19.2,0.06
19,0.046
18.8,0.032
18.6,0.021
18.4,0.012
18.2,0.004
18,-0.001
17.8,-0.005
17.6,-0.009
17.4,-0.013
17.2,-0.017
17,-0.02
16.8,-0.023
16.6,-0.025
16.4,-0.028
16.2,-0.03
16,-0.033
15.8,-0.035
15.6,-0.037
15.4,-0.04
15.2,-0.042
15,-0.044
14.8,-0.045
14.6,-0.047
14.4,-0.049
14.2,-0.051
14,-0.052
13.8,-0.054
13.6,-0.056
13.4,-0.057
13.2,-0.059
13,-0.061
12.8,-0.062
12.6,-0.064
12.4,-0.066
12.2,-0.067
12,-0.069
11.8,-0.07
11.6,-0.072
11.4,-0.074
11.2,-0.076
11,-0.077
10.8,-0.079
10.6,-0.081
10.4,-0.082
10.2,-0.084
10,-0.086
9.8,-0.087
9.6,-0.089
9.4,-0.091
9.2,-0.092
9,-0.093
8.8,-0.095
8.6,-0.097
8.4,-0.099
8.2,-0.102
8,-0.104
7.8,-0.106
7.6,-0.108
7.4,-0.112
7.2,-0.118
7,-0.125
6.8,-0.134
6.6,-0.144
6.4,-0.153
6.2,-0.161
6,-0.17
5.8,-0.179
5.6,-0.187
5.4,-0.2
5.2,-0.214
5,-0.224
4.8,-0.231
4.6,-0.238
4.4,-0.245
4.2,-0.252
4,-0.258
3.8,-0.265
3.6,-0.272
3.4,-0.279
3.2,-0.286
3,-0.294
2.8,-0.304
2.6,-0.318
2.4,-0.332
2.2,-0.346
2,-0.36
1.8,-0.375
1.6,-0.393
1.4,-0.412
1.2,-0.448
1,-0.476
0.8,-0.52
0.6,-0.563
0.4,-0.607
0.2,-0.668
0,-0.739
0.2,-0.557
0.4,-0.395
0.6,-0.255
0.8,-0.125
1,-0.046
1.2,0.002
1.4,0.037
1.6,0.064
1.8,0.086
2,0.103
1.8,0.059
1.6,0.016
1.4,-0.026
1.2,-0.071
1,-0.164
0.8,-0.261
0.6,-0.388
0.4,-0.498
0.2,-0.621
0,-0.732
-0.2,-0.803
-0.4,-0.866
-0.6,-0.923
-0.8,-0.976
-1,-1.025
-1.2,-1.071
-1.4,-1.114
-1.6,-1.154
-1.8,-1.192
-2,-1.227
-1.8,-1.032
-1.6,-0.839
-1.4,-0.644
-1.2,-0.452
-1,-0.268
-0.8,-0.1
-0.6,0.013
-0.4,0.061
-0.2,0.088
0,0.106
0.2,0.115
0.4,0.119
0.6,0.122
0.8,0.124
1,0.127
1.2,0.13
1.4,0.132
1.6,0.134
1.8,0.137
2,0.139
1.8,0.112
1.6,0.086
1.4,0.061
1.2,0.036
1,0.013
0.8,-0.011
0.6,-0.037
0.4,-0.07
0.2,-0.115
0,-0.158
-0.2,-0.204
-0.4,-0.278
-0.6,-0.373
-0.8,-0.496
-1,-0.629
-1.2,-0.762
-1.4,-0.896
-1.6,-1.029
-1.8,-1.152
-2,-1.216
-1.8,-1.02
-1.6,-0.826
-1.4,-0.632
-1.2,-0.441
-1,-0.257
-0.8,-0.089
-0.6,0.018
-0.4,0.059
-0.2,0.086
0,0.104
0.2,0.115
0.4,0.119
0.6,0.122
0.8,0.125
1,0.128
1.2,0.13
1.4,0.133
1.6,0.135
1.8,0.137
2,0.14
2.2,0.141
2.4,0.143
2.6,0.144
2.8,0.146
3,0.147
3.2,0.15
3.4,0.152
3.6,0.154
3.8,0.156
4,0.158
3.8,0.124
3.6,0.095
3.4,0.069
3.2,0.044
3,0.021
2.8,0
2.6,-0.02
2.4,-0.042
2.2,-0.064
2,-0.082
1.8,-0.097
1.6,-0.109
1.4,-0.123
1.2,-0.134
1,-0.144
0.8,-0.155
0.6,-0.17
0.4,-0.179
0.2,-0.188
0,-0.2
0.2,-0.134
0.4,-0.074
0.6,-0.033
0.8,-0.005
1,0.02
1.2,0.043
1.4,0.065
1.6,0.085
1.8,0.1
2,0.111
2.2,0.12
2.4,0.129
2.6,0.135
2.8,0.139
3,0.143
3.2,0.148
3.4,0.15
3.6,0.153
3.8,0.155
4,0.158
3.8,0.124
3.6,0.094
3.4,0.068
3.2,0.042
3,0.02
2.8,0
2.6,-0.023
2.4,-0.045
2.2,-0.066
2,-0.084
1.8,-0.098
1.6,-0.111
1.4,-0.126
1.2,-0.137
1,-0.147
0.8,-0.157
0.6,-0.171
0.4,-0.18
0.2,-0.189
0,-0.202
0.2,-0.136
0.4,-0.075
0.6,-0.032
0.8,-0.004
1,0.022
1.2,0.045
1.4,0.067
1.6,0.087
1.8,0.1
2,0.112
2.2,0.121
2.4,0.129
2.6,0.136
2.8,0.14
3,0.143
3.2,0.148
3.4,0.151
3.6,0.153
3.8,0.156
4,0.159
3.8,0.125
3.6,0.094
3.4,0.068
3.2,0.041
3,0.019
2.8,0
2.6,-0.023
2.4,-0.045
2.2,-0.066
2,-0.084
1.8,-0.098
1.6,-0.112
1.4,-0.126
1.2,-0.137
1,-0.148
0.8,-0.156
0.6,-0.17
0.4,-0.179
0.2,-0.189
0,-0.202
0.2,-0.135
0.4,-0.074
0.6,-0.032
0.8,-0.003
1,0.023
1.2,0.046
1.4,0.068
1.6,0.087
1.8,0.101
2,0.112
2.2,0.121
2.4,0.13
2.6,0.136
2.8,0.14
3,0.144
3.2,0.148
3.4,0.151
3.6,0.154
3.8,0.156
4,0.159
4.2,0.161
4.4,0.164
4.6,0.167
4.8,0.169
5,0.172
5.2,0.174
5.4,0.176
5.6,0.178
5.8,0.18
6,0.182
6.2,0.184
6.4,0.186
6.6,0.188
6.8,0.19
7,0.192
7.2,0.194
7.4,0.196
7.6,0.198
7.8,0.2
8,0.202
7.8,0.167
7.6,0.132
7.4,0.097
7.2,0.063
7,0.029
6.8,0.002
6.6,-0.025
6.4,-0.045
6.2,-0.062
6,-0.074
5.8,-0.085
5.6,-0.093
5.4,-0.102
5.2,-0.108
5,-0.112
4.8,-0.116
4.6,-0.119
4.4,-0.121
4.2,-0.123
4,-0.125
3.8,-0.126
3.6,-0.128
3.4,-0.131
3.2,-0.133
3,-0.136
2.8,-0.138
2.6,-0.14
2.4,-0.142
2.2,-0.144
2,-0.146
1.8,-0.149
1.6,-0.151
1.4,-0.154
1.2,-0.157
1,-0.16
0.8,-0.168
0.6,-0.176
0.4,-0.185
0.2,-0.195
0,-0.207
0.2,-0.139
0.4,-0.078
0.6,-0.03
0.8,0
1,0.022
1.2,0.045
1.4,0.067
1.6,0.086
1.8,0.1
2,0.111
2.2,0.121
2.4,0.129
2.6,0.135
2.8,0.139
3,0.143
3.2,0.148
3.4,0.151
3.6,0.153
3.8,0.156
4,0.159
4.2,0.161
4.4,0.164
4.6,0.167
4.8,0.169
5,0.172
5.2,0.175
5.4,0.177
5.6,0.179
5.8,0.18
6,0.182
6.2,0.184
6.4,0.186
6.6,0.188
6.8,0.19
7,0.192
7.2,0.194
7.4,0.196
7.6,0.198
7.8,0.2
8,0.202
7.8,0.167
7.6,0.132
7.4,0.097
7.2,0.063
7,0.029
6.8,0.003
6.6,-0.024
6.4,-0.044
6.2,-0.061
6,-0.074
5.8,-0.085
5.6,-0.093
5.4,-0.102
5.2,-0.108
5,-0.112
4.8,-0.116
4.6,-0.119
4.4,-0.121
4.2,-0.123
4,-0.125
3.8,-0.126
3.6,-0.128
3.4,-0.131
3.2,-0.133
3,-0.136
2.8,-0.138
2.6,-0.14
2.4,-0.142
2.2,-0.144
2,-0.146
1.8,-0.149
1.6,-0.151
1.4,-0.154
1.2,-0.157
1,-0.16
0.8,-0.168
0.6,-0.176
0.4,-0.185
0.2,-0.197
0,-0.21
0.2,-0.141
0.4,-0.078
0.6,-0.03
0.8,0
1,0.022
1.2,0.045
1.4,0.067
1.6,0.087
1.8,0.1
2,0.111
2.2,0.121
2.4,0.129
2.6,0.135
2.8,0.139
3,0.143
3.2,0.149
3.4,0.151
3.6,0.154
3.8,0.156
4,0.159
4.2,0.162
4.4,0.164
4.6,0.167
4.8,0.17
5,0.172
5.2,0.175
5.4,0.177
5.6,0.179
5.8,0.181
6,0.183
6.2,0.185
6.4,0.187
6.6,0.189
6.8,0.19
7,0.192
7.2,0.194
7.4,0.196
7.6,0.198
7.8,0.2
8,0.202
7.8,0.167
7.6,0.132
7.4,0.097
7.2,0.063
7,0.03
6.8,0.003
6.6,-0.024
6.4,-0.045
6.2,-0.062
6,-0.075
5.8,-0.085
5.6,-0.094
5.4,-0.102
5.2,-0.108
5,-0.112
4.8,-0.116
4.6,-0.119
4.4,-0.121
4.2,-0.123
4,-0.125
3.8,-0.126
3.6,-0.128
3.4,-0.131
3.2,-0.133
3,-0.136
2.8,-0.138
2.6,-0.14
2.4,-0.142
2.2,-0.144
2,-0.146
1.8,-0.149
1.6,-0.151
1.4,-0.154
1.2,-0.157
1,-0.16
0.8,-0.168
0.6,-0.176
0.4,-0.185
0.2,-0.197
0,-0.211
0.2,-0.142
0.4,-0.079
0.6,-0.03
0.8,0
1,0.021
1.2,0.045
1.4,0.067
1.6,0.086
1.8,0.1
2,0.111
2.2,0.121
2.4,0.129
2.6,0.135
2.8,0.139
3,0.143
3.2,0.148
3.4,0.151
3.6,0.154
3.8,0.156
4,0.159
4.2,0.162
4.4,0.164
4.6,0.167
4.8,0.17
5,0.172
5.2,0.175
5.4,0.177
5.6,0.179
5.8,0.181
6,0.183
6.2,0.185
6.4,0.187
6.6,0.189
6.8,0.191
7,0.193
7.2,0.195
7.4,0.197
7.6,0.199
7.8,0.2
8,0.202
8.2,0.204
8.4,0.206
8.6,0.208
8.8,0.21
9,0.213
9.2,0.216
9.4,0.218
9.6,0.221
9.8,0.224
10,0.227
10.2,0.229
10.4,0.232
10.6,0.236
10.8,0.24
11,0.244
11.2,0.248
11.4,0.252
11.6,0.256
11.8,0.26
12,0.264
12.2,0.268
12.4,0.277
12.6,0.286
12.8,0.296
13,0.305
13.2,0.314
13.4,0.324
13.6,0.334
13.8,0.344
14,0.355
14.2,0.365
14.4,0.375
14.6,0.385
14.8,0.398
15,0.417
15.2,0.436
15.4,0.454
15.6,0.473
15.8,0.491
16,0.509
15.8,0.44
15.6,0.37
15.4,0.303
15.2,0.25
15,0.204
14.8,0.162
14.6,0.128
14.4,0.099
14.2,0.075
14,0.056
13.8,0.04
13.6,0.025
13.4,0.012
13.2,0.001
13,-0.007
12.8,-0.013
12.6,-0.02
12.4,-0.026
12.2,-0.033
12,-0.039
11.8,-0.045
11.6,-0.051
11.4,-0.057
11.2,-0.063
11,-0.067
10.8,-0.07
10.6,-0.073
10.4,-0.075
10.2,-0.078
10,-0.081
9.8,-0.083
9.6,-0.086
9.4,-0.088
9.2,-0.091
9,-0.093
8.8,-0.095
8.6,-0.097
8.4,-0.099
8.2,-0.1
8,-0.101
7.8,-0.102
7.6,-0.103
7.4,-0.105
7.2,-0.106
7,-0.107
6.8,-0.108
6.6,-0.109
6.4,-0.11
6.2,-0.112
6,-0.113
5.8,-0.114
5.6,-0.116
5.4,-0.118
5.2,-0.119
5,-0.121
4.8,-0.122
4.6,-0.124
4.4,-0.125
4.2,-0.126
4,-0.128
3.8,-0.129
3.6,-0.131
3.4,-0.133
3.2,-0.135
3,-0.137
2.8,-0.139
2.6,-0.141
2.4,-0.143
2.2,-0.145
2,-0.147
1.8,-0.15
1.6,-0.152
1.4,-0.155
1.2,-0.158
1,-0.162
0.8,-0.17
0.6,-0.178
0.4,-0.188
0.2,-0.2
0,-0.217
0.2,-0.148
0.4,-0.082
0.6,-0.033
0.8,-0.001
1,0.02
1.2,0.043
1.4,0.065
1.6,0.084
1.8,0.098
2,0.109
2.2,0.119
2.4,0.127
2.6,0.134
2.8,0.137
3,0.141
3.2,0.146
3.4,0.149
3.6,0.151
3.8,0.154
4,0.156
4.2,0.159
4.4,0.162
4.6,0.164
4.8,0.167
5,0.17
5.2,0.172
5.4,0.175
5.6,0.177
5.8,0.179
6,0.181
6.2,0.183
6.4,0.185
6.6,0.187
6.8,0.189
7,0.191
7.2,0.193
7.4,0.195
7.6,0.197
7.8,0.199
8,0.201
8.2,0.203
8.4,0.205
8.6,0.207
8.8,0.209
9,0.211
9.2,0.214
9.4,0.216
9.6,0.219
9.8,0.222
10,0.224
10.2,0.227
10.4,0.23
10.6,0.233
10.8,0.237
11,0.241
11.2,0.245
11.4,0.249
11.6,0.253
11.8,0.257
12,0.261
12.2,0.265
12.4,0.269
12.6,0.273
12.8,0.278
13,0.287
13.2,0.296
13.4,0.305
13.6,0.314
13.8,0.324
14,0.334
14.2,0.344
14.4,0.355
14.6,0.365
14.8,0.375
15,0.389
15.2,0.408
15.4,0.426
15.6,0.445
15.8,0.464
16,0.482
15.8,0.413
15.6,0.343
15.4,0.284
15.2,0.234
15,0.189
14.8,0.146
14.6,0.111
14.4,0.082
14.2,0.058
14,0.039
13.8,0.023
13.6,0.01
13.4,0.002
13.2,-0.005
13,-0.012
12.8,-0.018
12.6,-0.024
12.4,-0.031
12.2,-0.037
12,-0.044
11.8,-0.05
11.6,-0.056
11.4,-0.061
11.2,-0.065
11,-0.068
10.8,-0.071
10.6,-0.073
10.4,-0.076
10.2,-0.078
10,-0.081
9.8,-0.083
9.6,-0.086
9.4,-0.089
9.2,-0.091
9,-0.093
8.8,-0.096
8.6,-0.097
8.4,-0.099
8.2,-0.1
8,-0.101
7.8,-0.102
7.6,-0.103
7.4,-0.105
7.2,-0.106
7,-0.107
6.8,-0.108
6.6,-0.109
6.4,-0.11
6.2,-0.112
6,-0.113
5.8,-0.114
5.6,-0.116
5.4,-0.118
5.2,-0.119
5,-0.121
4.8,-0.122
4.6,-0.124
4.4,-0.125
4.2,-0.126
4,-0.128
3.8,-0.129
3.6,-0.131
3.4,-0.133
3.2,-0.135
3,-0.137
2.8,-0.139
2.6,-0.141
2.4,-0.143
2.2,-0.145
2,-0.147
1.8,-0.15
1.6,-0.152
1.4,-0.155
1.2,-0.158
1,-0.162
0.8,-0.17
0.6,-0.178
0.4,-0.191
0.2,-0.203
0,-0.224
0.2,-0.154
0.4,-0.085
0.6,-0.033
0.8,-0.002
1,0.02
1.2,0.041
1.4,0.064
1.6,0.083
1.8,0.097
2,0.108
2.2,0.118
2.4,0.126
2.6,0.133
2.8,0.137
3,0.141
3.2,0.145
3.4,0.148
3.6,0.151
3.8,0.153
4,0.156
4.2,0.159
4.4,0.161
4.6,0.164
4.8,0.167
5,0.169
5.2,0.172
5.4,0.174
5.6,0.177
5.8,0.179
6,0.181
6.2,0.183
6.4,0.185
6.6,0.187
6.8,0.189
7,0.191
7.2,0.193
7.4,0.195
7.6,0.197
7.8,0.199
8,0.201
8.2,0.203
8.4,0.205
8.6,0.207
8.8,0.209
9,0.21
9.2,0.212
9.4,0.215
9.6,0.217
9.8,0.22
10,0.223
10.2,0.226
10.4,0.228
10.6,0.231
10.8,0.234
11,0.238
11.2,0.242
11.4,0.246
11.6,0.25
11.8,0.254
12,0.258
12.2,0.262
12.4,0.266
12.6,0.27
12.8,0.274
13,0.278
13.2,0.284
13.4,0.293
13.6,0.302
13.8,0.311
14,0.32
14.2,0.329
14.4,0.339
14.6,0.35
14.8,0.36
15,0.37
15.2,0.384
15.4,0.403
15.6,0.421
15.8,0.44
16,0.458
15.8,0.389
15.6,0.32
15.4,0.268
15.2,0.222
15,0.176
14.8,0.134
14.6,0.098
14.4,0.068
14.2,0.044
14,0.025
13.8,0.014
13.6,0.004
13.4,-0.004
13.2,-0.01
13,-0.017
12.8,-0.023
12.6,-0.03
12.4,-0.036
12.2,-0.042
12,-0.049
11.8,-0.054
11.6,-0.059
11.4,-0.063
11.2,-0.065
11,-0.068
10.8,-0.071
10.6,-0.073
10.4,-0.076
10.2,-0.078
10,-0.081
9.8,-0.083
9.6,-0.086
9.4,-0.089
9.2,-0.091
9,-0.093
8.8,-0.095
8.6,-0.097
8.4,-0.098
8.2,-0.1
8,-0.101
7.8,-0.102
7.6,-0.103
7.4,-0.104
7.2,-0.106
7,-0.107
6.8,-0.108
6.6,-0.109
6.4,-0.11
6.2,-0.112
6,-0.113
5.8,-0.114
5.6,-0.116
5.4,-0.117
5.2,-0.119
5,-0.121
4.8,-0.122
4.6,-0.124
4.4,-0.125
4.2,-0.126
4,-0.128
3.8,-0.129
3.6,-0.131
3.4,-0.133
3.2,-0.135
3,-0.137
2.8,-0.139
2.6,-0.141
2.4,-0.143
2.2,-0.145
2,-0.148
1.8,-0.15
1.6,-0.153
1.4,-0.156
1.2,-0.158
1,-0.162
0.8,-0.171
0.6,-0.179
0.4,-0.191
0.2,-0.205
0,-0.226
0.2,-0.156
0.4,-0.087
0.6,-0.035
0.8,-0.002
1,0.02
1.2,0.043
1.4,0.065
1.6,0.084
1.8,0.098
2,0.109
2.2,0.119
2.4,0.127
2.6,0.134
2.8,0.137
3,0.141
3.2,0.146
3.4,0.148
3.6,0.151
3.8,0.154
4,0.156
4.2,0.159
4.4,0.161
4.6,0.164
4.8,0.166
5,0.169
5.2,0.172
5.4,0.174
5.6,0.177
5.8,0.179
6,0.181
6.2,0.183
6.4,0.185
6.6,0.187
6.8,0.189
7,0.191
7.2,0.193
7.4,0.195
7.6,0.197
7.8,0.199
8,0.201
8.2,0.203
8.4,0.205
8.6,0.207
8.8,0.209
9,0.21
9.2,0.212
9.4,0.214
9.6,0.216
9.8,0.219
10,0.222
10.2,0.224
10.4,0.227
10.6,0.23
10.8,0.233
11,0.237
11.2,0.241
11.4,0.245
11.6,0.249
11.8,0.253
12,0.257
12.2,0.261
12.4,0.265
12.6,0.269
12.8,0.273
13,0.276
13.2,0.28
13.4,0.285
13.6,0.291
13.8,0.3
14,0.309
14.2,0.318
14.4,0.327
14.6,0.337
14.8,0.347
15,0.358
15.2,0.368
15.4,0.387
15.6,0.405
15.8,0.424
16,0.442
16.2,0.46
16.4,0.479
16.6,0.497
16.8,0.519
17,0.54
17.2,0.561
17.4,0.582
17.6,0.602
17.8,0.625
18,0.647
18.2,0.669
18.4,0.687
18.6,0.701
18.8,0.715
19,0.727
19.2,0.74
19.4,0.753
19.6,0.766
19.8,0.778
20,0.791
20.2,0.814
20.4,0.842
20.6,0.87
20.8,0.898
21,0.926
21.2,0.952
21.4,0.978
21.6,1.004
21.8,1.028
22,1.049
22.2,1.071
22.4,1.093
22.6,1.125
22.8,1.163
23,1.202
23.2,1.241
23.4,1.28
23.6,1.333
23.8,1.385
24,1.445
24.2,1.476
24.4,1.495
24.6,1.509
24.8,1.519
25,1.524
25.2,1.529
25.4,1.533
25.6,1.538
25.8,1.539
26,1.537
26.2,1.535
26.4,1.533
26.6,1.524
26.8,1.515
27,1.503
27.2,1.492
27.4,1.483
27.6,1.474
27.8,1.465
28,1.456
28.2,1.447
28.4,1.438
28.6,1.429
28.8,1.42
29,1.412
29.2,1.404
29.4,1.396
29.6,1.388
29.8,1.38
30,1.371
30.2,1.363
30.4,1.355
30.6,1.347
30.8,1.339
31,1.331
31.2,1.323
31.4,1.315
31.6,1.305
31.8,1.296
32,1.287
31.8,1.15
31.6,1.03
31.4,0.922
31.2,0.817
31,0.723
30.8,0.645
30.6,0.579
30.4,0.526
30.2,0.48
30,0.445
29.8,0.411
29.6,0.376
29.4,0.343
29.2,0.318
29,0.295
28.8,0.271
28.6,0.248
28.4,0.227
28.2,0.207
28,0.186
27.8,0.167
27.6,0.152
27.4,0.136
27.2,0.121
27,0.112
26.8,0.102
26.6,0.093
26.4,0.084
26.2,0.074
26,0.065
25.8,0.056
25.6,0.049
25.4,0.041
25.2,0.036
25,0.031
24.8,0.026
24.6,0.021
24.4,0.016
24.2,0.012
24,0.009
23.8,0.006
23.6,0.004
23.4,0.002
23.2,0
23,-0.002
22.8,-0.004
22.6,-0.006
22.4,-0.008
22.2,-0.01
22,-0.011
21.8,-0.013
21.6,-0.014
21.4,-0.016
21.2,-0.018
21,-0.019
20.8,-0.021
20.6,-0.022
20.4,-0.024
20.2,-0.025
20,-0.027
19.8,-0.028
19.6,-0.03
19.4,-0.031
19.2,-0.032
19,-0.033
18.8,-0.034
18.6,-0.036
18.4,-0.037
18.2,-0.038
18,-0.039
17.8,-0.04
17.6,-0.041
17.4,-0.042
17.2,-0.044
17,-0.045
16.8,-0.047
16.6,-0.048
16.4,-0.05
16.2,-0.051
16,-0.053
15.8,-0.054
15.6,-0.056
15.4,-0.057
15.2,-0.059
15,-0.061
14.8,-0.062
14.6,-0.064
14.4,-0.065
14.2,-0.066
14,-0.068
13.8,-0.069
13.6,-0.07
13.4,-0.072
13.2,-0.073
13,-0.074
12.8,-0.076
12.6,-0.077
12.4,-0.078
12.2,-0.079
12,-0.081
11.8,-0.082
11.6,-0.083
11.4,-0.085
11.2,-0.086
11,-0.087
10.8,-0.088
10.6,-0.09
10.4,-0.091
10.2,-0.093
10,-0.094
9.8,-0.095
9.6,-0.097
9.4,-0.098
9.2,-0.1
9,-0.101
8.8,-0.103
8.6,-0.104
8.4,-0.106
8.2,-0.108
8,-0.111
7.8,-0.113
7.6,-0.115
7.4,-0.116
7.2,-0.12
7,-0.124
6.8,-0.129
6.6,-0.139
6.4,-0.148
6.2,-0.156
6,-0.165
5.8,-0.173
5.6,-0.182
5.4,-0.191
5.2,-0.201
5,-0.21
4.8,-0.22
4.6,-0.227
4.4,-0.233
4.2,-0.24
4,-0.246
3.8,-0.253
3.6,-0.259
3.4,-0.265
3.2,-0.272
3,-0.278
2.8,-0.289
2.6,-0.299
2.4,-0.31
2.2,-0.321
2,-0.333
1.8,-0.345
1.6,-0.357
1.4,-0.37
1.2,-0.383
1,-0.395
0.8,-0.408
0.6,-0.424
0.4,-0.452
0.2,-0.479
0,-0.506
0.2,-0.388
0.4,-0.279
0.6,-0.197
0.8,-0.118
1,-0.046
1.2,-0.009
1.4,0.019
1.6,0.047
1.8,0.068
2,0.085
2.2,0.101
2.4,0.112
2.6,0.121
2.8,0.127
3,0.129
3.2,0.131
3.4,0.133
3.6,0.134
3.8,0.136
4,0.139
4.2,0.141
4.4,0.143
4.6,0.145
4.8,0.148
5,0.151
5.2,0.153
5.4,0.155
5.6,0.158
5.8,0.16
6,0.162
6.2,0.163
6.4,0.165
6.6,0.167
6.8,0.169
7,0.17
7.2,0.172
7.4,0.174
7.6,0.176
7.8,0.178
8,0.179
8.2,0.181
8.4,0.183
8.6,0.185
8.8,0.186
9,0.188
9.2,0.19
9.4,0.192
9.6,0.193
9.8,0.195
10,0.197
10.2,0.199
10.4,0.201
10.6,0.202
10.8,0.204
11,0.206
11.2,0.208
11.4,0.209
11.6,0.211
11.8,0.213
12,0.214
12.2,0.216
12.4,0.218
12.6,0.22
12.8,0.222
13,0.224
13.2,0.226
13.4,0.228
13.6,0.229
13.8,0.231
14,0.233
14.2,0.235
14.4,0.236
14.6,0.238
14.8,0.24
15,0.242
15.2,0.244
15.4,0.245
15.6,0.247
15.8,0.249
16,0.251
16.2,0.252
16.4,0.254
16.6,0.256
16.8,0.258
17,0.26
17.2,0.262
17.4,0.264
17.6,0.265
17.8,0.267
18,0.269
18.2,0.271
18.4,0.273
18.6,0.276
18.8,0.28
19,0.284
19.2,0.288
19.4,0.292
19.6,0.295
19.8,0.298
20,0.302
20.2,0.305
20.4,0.308
20.6,0.311
20.8,0.315
21,0.319
21.2,0.323
21.4,0.329
21.6,0.335
21.8,0.341
22,0.346
22.2,0.353
22.4,0.36
22.6,0.367
22.8,0.374
23,0.381
23.2,0.387
23.4,0.395
23.6,0.403
23.8,0.411
24,0.424
24.2,0.436
24.4,0.449
24.6,0.461
24.8,0.473
25,0.486
25.2,0.498
25.4,0.514
25.6,0.53
25.8,0.546
26,0.562
26.2,0.578
26.4,0.594
26.6,0.61
26.8,0.626
27,0.649
27.2,0.671
27.4,0.693
27.6,0.716
27.8,0.738
28,0.76
28.2,0.782
28.4,0.804
28.6,0.826
28.8,0.852
29,0.877
29.2,0.903
29.4,0.927
29.6,0.956
29.8,0.989
30,1.02
30.2,1.049
30.4,1.073
30.6,1.105
30.8,1.134
31,1.151
31.2,1.156
31.4,1.151
31.6,1.147
31.8,1.142
32,1.137
31.8,0.999
31.6,0.882
31.4,0.766
31.2,0.663
31,0.58
30.8,0.514
30.6,0.462
30.4,0.413
30.2,0.375
30,0.34
29.8,0.315
29.6,0.293
29.4,0.278
29.2,0.262
29,0.246
28.8,0.231
28.6,0.215
28.4,0.199
28.2,0.184
28,0.168
27.8,0.153
27.6,0.137
27.4,0.123
27.2,0.113
27,0.104
26.8,0.094
26.6,0.085
26.4,0.076
26.2,0.069
26,0.062
25.8,0.055
25.6,0.047
25.4,0.04
25.2,0.034
25,0.028
24.8,0.024
24.6,0.021
24.4,0.017
24.2,0.013
24,0.01
23.8,0.006
23.6,0.002
23.4,-0.001
23.2,-0.005
23,-0.008
22.8,-0.01
22.6,-0.012
22.4,-0.014
22.2,-0.016
22,-0.018
21.8,-0.02
21.6,-0.022
21.4,-0.024
21.2,-0.025
21,-0.027
20.8,-0.029
20.6,-0.03
20.4,-0.032
20.2,-0.033
20,-0.035
19.8,-0.036
19.6,-0.038
19.4,-0.039
19.2,-0.041
19,-0.042
18.8,-0.044
18.6,-0.045
18.4,-0.047
18.2,-0.048
18,-0.05
17.8,-0.051
17.6,-0.053
17.4,-0.054
17.2,-0.055
17,-0.056
16.8,-0.057
16.6,-0.059
16.4,-0.06
16.2,-0.061
16,-0.062
15.8,-0.063
15.6,-0.064
15.4,-0.065
15.2,-0.066
15,-0.068
14.8,-0.069
14.6,-0.07
14.4,-0.071
14.2,-0.072
14,-0.074
13.8,-0.076
13.6,-0.077
13.4,-0.079
13.2,-0.08
13,-0.082
12.8,-0.083
12.6,-0.084
12.4,-0.086
12.2,-0.087
12,-0.088
11.8,-0.09
11.6,-0.091
11.4,-0.092
11.2,-0.094
11,-0.095
10.8,-0.096
10.6,-0.097
10.4,-0.099
10.2,-0.1
10,-0.101
9.8,-0.102
9.6,-0.103
9.4,-0.104
9.2,-0.105
9,-0.106
8.8,-0.107
8.6,-0.108
8.4,-0.109
8.2,-0.111
8,-0.112
7.8,-0.113
7.6,-0.114
7.4,-0.115
7.2,-0.116
7,-0.117
6.8,-0.119
6.6,-0.12
6.4,-0.121
6.2,-0.122
6,-0.124
5.8,-0.125
5.6,-0.126
5.4,-0.128
5.2,-0.129
5,-0.13
4.8,-0.132
4.6,-0.134
4.4,-0.136
4.2,-0.138
4,-0.141
3.8,-0.143
3.6,-0.146
3.4,-0.148
3.2,-0.151
3,-0.153
2.8,-0.156
2.6,-0.167
2.4,-0.179
2.2,-0.192
2,-0.208
1.8,-0.227
1.6,-0.249
1.4,-0.271
1.2,-0.297
1,-0.322
0.8,-0.351
0.6,-0.379
0.4,-0.417
0.2,-0.459
0,-0.497
0.2,-0.379
0.4,-0.267
0.6,-0.185
0.8,-0.105
1,-0.04
1.2,-0.006
1.4,0.023
1.6,0.051
1.8,0.07
2,0.087
2.2,0.102
2.4,0.111
2.6,0.12
2.8,0.126
3,0.128
3.2,0.13
3.4,0.132
3.6,0.133
3.8,0.135
4,0.137
4.2,0.138
4.4,0.14
4.6,0.141
4.8,0.144
5,0.146
5.2,0.149
5.4,0.151
5.6,0.153
5.8,0.156
6,0.158
6.2,0.16
6.4,0.162
6.6,0.164
6.8,0.165
7,0.167
7.2,0.169
7.4,0.171
7.6,0.172
7.8,0.174
8,0.176
8.2,0.178
8.4,0.179
8.6,0.181
8.8,0.183
9,0.185
9.2,0.187
9.4,0.188
9.6,0.19
9.8,0.192
10,0.194
10.2,0.195
10.4,0.197
10.6,0.199
10.8,0.201
11,0.202
11.2,0.204
11.4,0.206
11.6,0.208
11.8,0.21
12,0.211
12.2,0.213
12.4,0.215
12.6,0.217
12.8,0.218
13,0.22
13.2,0.222
13.4,0.224
13.6,0.226
13.8,0.227
14,0.229
14.2,0.231
14.4,0.233
14.6,0.234
14.8,0.236
15,0.238
15.2,0.239
15.4,0.241
15.6,0.243
15.8,0.244
16,0.246
16.2,0.248
16.4,0.25
16.6,0.251
16.8,0.253
17,0.255
17.2,0.257
17.4,0.258
17.6,0.26
17.8,0.262
18,0.264
18.2,0.265
18.4,0.267
18.6,0.269
18.8,0.271
19,0.272
19.2,0.274
19.4,0.276
19.6,0.278
19.8,0.279
20,0.281
20.2,0.283
20.4,0.287
20.6,0.291
20.8,0.295
21,0.299
21.2,0.303
21.4,0.306
21.6,0.31
21.8,0.314
22,0.317
22.2,0.319
22.4,0.322
22.6,0.324
22.8,0.326
23,0.328
23.2,0.331
23.4,0.334
23.6,0.338
23.8,0.341
24,0.344
24.2,0.349
24.4,0.354
24.6,0.359
24.8,0.364
25,0.368
25.2,0.375
25.4,0.382
25.6,0.389
25.8,0.395
26,0.402
26.2,0.409
26.4,0.417
26.6,0.424
26.8,0.432
27,0.44
27.2,0.452
27.4,0.464
27.6,0.479
27.8,0.495
28,0.511
28.2,0.526
28.4,0.542
28.6,0.558
28.8,0.573
29,0.589
29.2,0.604
29.4,0.62
29.6,0.642
29.8,0.664
30,0.686
30.2,0.708
30.4,0.73
30.6,0.752
30.8,0.777
31,0.807
31.2,0.84
31.4,0.874
31.6,0.918
31.8,0.961
32,0.997
31.8,0.86
31.6,0.744
31.4,0.636
31.2,0.541
31,0.458
30.8,0.39
30.6,0.338
30.4,0.29
30.2,0.269
30,0.252
29.8,0.236
29.6,0.221
29.4,0.205
29.2,0.189
29,0.173
28.8,0.158
28.6,0.142
28.4,0.128
28.2,0.118
28,0.108
27.8,0.1
27.6,0.093
27.4,0.086
27.2,0.079
27,0.072
26.8,0.065
26.6,0.058
26.4,0.05
26.2,0.044
26,0.038
25.8,0.034
25.6,0.03
25.4,0.026
25.2,0.023
25,0.019
24.8,0.015
24.6,0.012
24.4,0.008
24.2,0.004
24,0.001
23.8,-0.001
23.6,-0.004
23.4,-0.006
23.2,-0.008
23,-0.011
22.8,-0.013
22.6,-0.015
22.4,-0.017
22.2,-0.019
22,-0.021
21.8,-0.023
21.6,-0.024
21.4,-0.026
21.2,-0.028
21,-0.03
20.8,-0.031
20.6,-0.033
20.4,-0.034
20.2,-0.036
20,-0.038
19.8,-0.039
19.6,-0.041
19.4,-0.042
19.2,-0.044
19,-0.045
18.8,-0.047
18.6,-0.048
18.4,-0.05
18.2,-0.051
18,-0.053
17.8,-0.054
17.6,-0.056
17.4,-0.057
17.2,-0.058
17,-0.059
16.8,-0.06
16.6,-0.062
16.4,-0.063
16.2,-0.064
16,-0.065
15.8,-0.066
15.6,-0.067
15.4,-0.068
15.2,-0.069
15,-0.071
14.8,-0.072
14.6,-0.073
14.4,-0.074
14.2,-0.075
14,-0.076
13.8,-0.077
13.6,-0.079
13.4,-0.08
13.2,-0.082
13,-0.083
12.8,-0.084
12.6,-0.086
12.4,-0.087
12.2,-0.088
12,-0.09
11.8,-0.091
11.6,-0.092
11.4,-0.094
11.2,-0.095
11,-0.096
10.8,-0.097
10.6,-0.099
10.4,-0.1
10.2,-0.101
10,-0.102
9.8,-0.103
9.6,-0.104
9.4,-0.105
9.2,-0.106
9,-0.108
8.8,-0.109
8.6,-0.11
8.4,-0.111
8.2,-0.112
8,-0.114
7.8,-0.115
7.6,-0.116
7.4,-0.117
7.2,-0.118
7,-0.119
6.8,-0.121
6.6,-0.122
6.4,-0.123
6.2,-0.124
6,-0.125
5.8,-0.126
5.6,-0.128
5.4,-0.129
5.2,-0.131
5,-0.132
4.8,-0.134
4.6,-0.136
4.4,-0.137
4.2,-0.139
4,-0.141
3.8,-0.143
3.6,-0.145
3.4,-0.148
3.2,-0.15
3,-0.153
2.8,-0.155
2.6,-0.158
2.4,-0.16
2.2,-0.165
2,-0.173
1.8,-0.189
1.6,-0.204
1.4,-0.227
1.2,-0.249
1,-0.276
0.8,-0.303
0.6,-0.331
0.4,-0.376
0.2,-0.42
0,-0.475
