Disp(mm)  Force(kN)
0,0
0.2,0.189
0.4,0.365
0.6,0.514
0.8,0.63
1,0.726
1.2,0.812
1.4,0.892
1.6,0.966
1.8,1.034
2,1.097
1.8,0.901
1.6,0.705
1.4,0.51
1.2,0.316
1,0.132
0.8,-0.023
0.6,-0.092
0.4,-0.132
0.2,-0.15
0,-0.201
-0.2,-0.318
-0.4,-0.429
-0.6,-0.537
-0.8,-0.637
-1,-0.73
-1.2,-0.815
-1.4,-0.894
-1.6,-0.967
-1.8,-1.035
-2,-1.097
-1.8,-0.901
-1.6,-0.706
-1.4,-0.511
-1.2,-0.317
-1,-0.135
-0.8,0.018
-0.6,0.089
-0.4,0.124
-0.2,0.14
0,0.159
0.2,0.18
0.4,0.204
0.6,0.247
0.8,0.343
1,0.477
1.2,0.61
1.4,0.743
1.6,0.874
1.8,1
2,1.097
1.8,0.901
1.6,0.705
1.4,0.511
1.2,0.317
1,0.135
0.8,-0.019
0.6,-0.089
0.4,-0.124
0.2,-0.14
0,-0.159
-0.2,-0.18
-0.4,-0.204
-0.6,-0.241
-0.8,-0.361
-1,-0.495
-1.2,-0.628
-1.4,-0.761
-1.6,-0.892
-1.8,-1.012
-2,-1.097
-1.8,-0.901
-1.6,-0.706
-1.4,-0.512
-1.2,-0.317
-1,-0.135
-0.8,0.018
-0.6,0.089
-0.4,0.124
-0.2,0.14
0,0.159
0.2,0.18
0.4,0.204
0.6,0.241
0.8,0.361
1,0.495
1.2,0.628
1.4,0.761
1.6,0.892
1.8,1.012
2,1.097
1.8,0.901
1.6,0.706
1.4,0.512
1.2,0.317
1,0.135
0.8,-0.018
0.6,-0.089
0.4,-0.124
0.2,-0.14
0,-0.159
-0.2,-0.18
-0.4,-0.204
-0.6,-0.241
-0.8,-0.361
-1,-0.495
-1.2,-0.628
-1.4,-0.761
-1.6,-0.892
-1.8,-1.012
-2,-1.097
-1.8,-0.901
-1.6,-0.706
-1.4,-0.512
-1.2,-0.317
-1,-0.135
-0.8,0.018
-0.6,0.089
-0.4,0.124
-0.2,0.14
0,0.159
0.2,0.18
0.4,0.204
0.6,0.241
0.8,0.361
1,0.495
1.2,0.628
1.4,0.761
1.6,0.892
1.8,1.012
2,1.097
2.2,1.154
2.4,1.207
2.6,1.251
2.8,1.287
3,1.322
3.2,1.353
3.4,1.383
3.6,1.411
3.8,1.437
4,1.462
3.8,1.268
3.6,1.072
3.4,0.877
3.2,0.683
3,0.496
2.8,0.329
2.6,0.173
2.4,0.032
2.2,-0.064
2,-0.109
1.8,-0.122
1.6,-0.129
1.4,-0.139
1.2,-0.147
1,-0.155
0.8,-0.164
0.6,-0.173
0.4,-0.197
0.2,-0.225
0,-0.267
-0.2,-0.325
-0.4,-0.383
-0.6,-0.481
-0.8,-0.587
-1,-0.707
-1.2,-0.819
-1.4,-0.921
-1.6,-1.014
-1.8,-1.091
-2,-1.143
-2.2,-1.185
-2.4,-1.224
-2.6,-1.261
-2.8,-1.295
-3,-1.327
-3.2,-1.358
-3.4,-1.387
-3.6,-1.414
-3.8,-1.44
-4,-1.465
-3.8,-1.27
-3.6,-1.075
-3.4,-0.88
-3.2,-0.686
-3,-0.501
-2.8,-0.335
-2.6,-0.18
-2.4,-0.039
-2.2,0.059
-2,0.106
-1.8,0.121
-1.6,0.128
-1.4,0.134
-1.2,0.143
-1,0.15
-0.8,0.157
-0.6,0.163
-0.4,0.171
-0.2,0.186
0,0.207
0.2,0.231
0.4,0.254
0.6,0.284
0.8,0.326
1,0.367
1.2,0.406
1.4,0.459
1.6,0.51
1.8,0.552
2,0.61
2.2,0.686
2.4,0.762
2.6,0.855
2.8,0.949
3,1.043
3.2,1.135
3.4,1.225
3.6,1.314
3.8,1.403
4,1.464
3.8,1.269
3.6,1.075
3.4,0.88
3.2,0.686
3,0.502
2.8,0.337
2.6,0.182
2.4,0.04
2.2,-0.054
2,-0.104
1.8,-0.12
1.6,-0.127
1.4,-0.134
1.2,-0.14
1,-0.147
0.8,-0.155
0.6,-0.16
0.4,-0.169
0.2,-0.178
0,-0.199
-0.2,-0.219
-0.4,-0.243
-0.6,-0.267
-0.8,-0.309
-1,-0.35
-1.2,-0.39
-1.4,-0.445
-1.6,-0.496
-1.8,-0.542
-2,-0.605
-2.2,-0.682
-2.4,-0.757
-2.6,-0.852
-2.8,-0.946
-3,-1.039
-3.2,-1.132
-3.4,-1.223
-3.6,-1.314
-3.8,-1.404
-4,-1.467
-3.8,-1.272
-3.6,-1.078
-3.4,-0.883
-3.2,-0.689
-3,-0.506
-2.8,-0.34
-2.6,-0.185
-2.4,-0.042
-2.2,0.054
-2,0.102
-1.8,0.119
-1.6,0.126
-1.4,0.133
-1.2,0.138
-1,0.146
-0.8,0.153
-0.6,0.159
-0.4,0.167
-0.2,0.176
0,0.197
0.2,0.217
0.4,0.241
0.6,0.265
0.8,0.307
1,0.348
1.2,0.389
1.4,0.444
1.6,0.495
1.8,0.541
2,0.585
2.2,0.662
2.4,0.737
2.6,0.832
2.8,0.926
3,1.019
3.2,1.111
3.4,1.202
3.6,1.293
3.8,1.383
4,1.46
3.8,1.265
3.6,1.071
3.4,0.876
3.2,0.683
3,0.499
2.8,0.333
2.6,0.179
2.4,0.037
2.2,-0.053
2,-0.101
1.8,-0.118
1.6,-0.124
1.4,-0.13
1.2,-0.136
1,-0.144
0.8,-0.152
0.6,-0.158
0.4,-0.166
0.2,-0.174
0,-0.192
-0.2,-0.213
-0.4,-0.237
-0.6,-0.26
-0.8,-0.303
-1,-0.344
-1.2,-0.386
-1.4,-0.44
-1.6,-0.491
-1.8,-0.539
-2,-0.594
-2.2,-0.67
-2.4,-0.746
-2.6,-0.841
-2.8,-0.934
-3,-1.028
-3.2,-1.121
-3.4,-1.212
-3.6,-1.303
-3.8,-1.393
-4,-1.466
-3.8,-1.272
-3.6,-1.077
-3.4,-0.882
-3.2,-0.689
-3,-0.505
-2.8,-0.34
-2.6,-0.185
-2.4,-0.043
-2.2,0.054
-2,0.102
-1.8,0.118
-1.6,0.125
-1.4,0.132
-1.2,0.137
-1,0.145
-0.8,0.153
-0.6,0.158
-0.4,0.167
-0.2,0.175
0,0.194
0.2,0.214
0.4,0.238
0.6,0.262
0.8,0.304
1,0.345
1.2,0.387
1.4,0.441
1.6,0.492
1.8,0.539
2,0.584
2.2,0.66
2.4,0.736
2.6,0.831
2.8,0.924
3,1.018
3.2,1.11
3.4,1.201
3.6,1.292
3.8,1.382
4,1.459
4.2,1.491
4.4,1.513
4.6,1.535
4.8,1.556
5,1.576
5.2,1.595
5.4,1.614
5.6,1.632
5.8,1.65
6,1.667
6.2,1.684
6.4,1.7
6.6,1.716
6.8,1.732
7,1.747
7.2,1.762
7.4,1.777
7.6,1.791
7.8,1.806
8,1.82
7.8,1.625
7.6,1.43
7.4,1.235
7.2,1.041
7,0.859
6.8,0.69
6.6,0.534
6.4,0.386
6.2,0.245
6,0.123
5.8,0.033
5.6,-0.024
5.4,-0.06
5.2,-0.075
5,-0.081
4.8,-0.089
4.6,-0.096
4.4,-0.103
4.2,-0.11
4,-0.115
3.8,-0.12
3.6,-0.126
3.4,-0.143
3.2,-0.159
3,-0.175
2.8,-0.19
2.6,-0.206
2.4,-0.226
2.2,-0.246
2,-0.267
1.8,-0.287
1.6,-0.304
1.4,-0.319
1.2,-0.33
1,-0.343
0.8,-0.356
0.6,-0.368
0.4,-0.38
0.2,-0.391
0,-0.403
-0.2,-0.414
-0.4,-0.434
-0.6,-0.458
-0.8,-0.485
-1,-0.512
-1.2,-0.538
-1.4,-0.562
-1.6,-0.585
-1.8,-0.615
-2,-0.673
-2.2,-0.74
-2.4,-0.806
-2.6,-0.896
-2.8,-0.987
-3,-1.076
-3.2,-1.166
-3.4,-1.256
-3.6,-1.344
-3.8,-1.419
-4,-1.474
-4.2,-1.502
-4.4,-1.524
-4.6,-1.544
-4.8,-1.564
-5,-1.584
-5.2,-1.602
-5.4,-1.621
-5.6,-1.638
-5.8,-1.656
-6,-1.672
-6.2,-1.689
-6.4,-1.705
-6.6,-1.721
-6.8,-1.736
-7,-1.751
-7.2,-1.765
-7.4,-1.78
-7.6,-1.794
-7.8,-1.808
-8,-1.822
-7.8,-1.627
-7.6,-1.432
-7.4,-1.238
-7.2,-1.047
-7,-0.864
-6.8,-0.696
-6.6,-0.539
-6.4,-0.388
-6.2,-0.247
-6,-0.124
-5.8,-0.034
-5.6,0.023
-5.4,0.059
-5.2,0.075
-5,0.081
-4.8,0.089
-4.6,0.096
-4.4,0.102
-4.2,0.108
-4,0.113
-3.8,0.117
-3.6,0.122
-3.4,0.126
-3.2,0.136
-3,0.147
-2.8,0.163
-2.6,0.178
-2.4,0.193
-2.2,0.207
-2,0.223
-1.8,0.239
-1.6,0.258
-1.4,0.275
-1.2,0.291
-1,0.306
-0.8,0.321
-0.6,0.332
-0.4,0.342
-0.2,0.352
0,0.361
0.2,0.37
0.4,0.379
0.6,0.388
0.8,0.396
1,0.405
1.2,0.416
1.4,0.426
1.6,0.437
1.8,0.448
2,0.458
2.2,0.468
2.4,0.478
2.6,0.498
2.8,0.517
3,0.536
3.2,0.553
3.4,0.57
3.6,0.592
3.8,0.614
4,0.635
4.2,0.657
4.4,0.678
4.6,0.7
4.8,0.721
5,0.741
5.2,0.765
5.4,0.816
5.6,0.867
5.8,0.924
6,0.981
6.2,1.058
6.4,1.136
6.6,1.213
6.8,1.29
7,1.364
7.2,1.438
7.4,1.509
7.6,1.581
7.8,1.647
8,1.711
7.8,1.517
7.6,1.324
7.4,1.132
7.2,0.942
7,0.761
6.8,0.592
6.6,0.434
6.4,0.282
6.2,0.174
6,0.09
5.8,0.025
5.6,-0.018
5.4,-0.057
5.2,-0.077
5,-0.084
4.8,-0.09
4.6,-0.098
4.4,-0.105
4.2,-0.111
4,-0.113
3.8,-0.118
3.6,-0.123
3.4,-0.128
3.2,-0.131
3,-0.137
2.8,-0.147
2.6,-0.157
2.4,-0.171
2.2,-0.184
2,-0.198
1.8,-0.215
1.6,-0.231
1.4,-0.25
1.2,-0.269
1,-0.286
0.8,-0.302
0.6,-0.319
0.4,-0.334
0.2,-0.344
0,-0.354
-0.2,-0.364
-0.4,-0.373
-0.6,-0.382
-0.8,-0.39
-1,-0.399
-1.2,-0.408
-1.4,-0.419
-1.6,-0.43
-1.8,-0.44
-2,-0.451
-2.2,-0.461
-2.4,-0.472
-2.6,-0.483
-2.8,-0.502
-3,-0.522
-3.2,-0.541
-3.4,-0.559
-3.6,-0.582
-3.8,-0.605
-4,-0.627
-4.2,-0.649
-4.4,-0.67
-4.6,-0.692
-4.8,-0.713
-5,-0.735
-5.2,-0.758
-5.4,-0.785
-5.6,-0.836
-5.8,-0.893
-6,-0.95
-6.2,-1.008
-6.4,-1.085
-6.6,-1.162
-6.8,-1.239
-7,-1.316
-7.2,-1.391
-7.4,-1.464
-7.6,-1.536
-7.8,-1.607
-8,-1.678
-7.8,-1.485
-7.6,-1.292
-7.4,-1.1
-7.2,-0.911
-7,-0.73
-6.8,-0.559
-6.6,-0.401
-6.4,-0.262
-6.2,-0.162
-6,-0.081
-5.8,-0.025
-5.6,0.018
-5.4,0.057
-5.2,0.076
-5,0.083
-4.8,0.089
-4.6,0.096
-4.4,0.103
-4.2,0.108
-4,0.111
-3.8,0.114
-3.6,0.119
-3.4,0.123
-3.2,0.127
-3,0.131
-2.8,0.14
-2.6,0.15
-2.4,0.164
-2.2,0.177
-2,0.191
-1.8,0.205
-1.6,0.218
-1.4,0.235
-1.2,0.254
-1,0.271
-0.8,0.289
-0.6,0.305
-0.4,0.321
-0.2,0.334
0,0.344
0.2,0.354
0.4,0.364
0.6,0.372
0.8,0.381
1,0.39
1.2,0.399
1.4,0.409
1.6,0.42
1.8,0.432
2,0.443
2.2,0.455
2.4,0.466
2.6,0.477
2.8,0.487
3,0.502
3.2,0.522
3.4,0.541
3.6,0.56
3.8,0.578
4,0.6
4.2,0.622
4.4,0.644
4.6,0.665
4.8,0.687
5,0.708
5.2,0.729
5.4,0.749
5.6,0.77
5.8,0.82
6,0.87
6.2,0.927
6.4,0.983
6.6,1.054
6.8,1.131
7,1.207
7.2,1.284
7.4,1.359
7.6,1.434
7.8,1.507
8,1.577
7.8,1.384
7.6,1.191
7.4,0.999
7.2,0.81
7,0.629
6.8,0.459
6.6,0.323
6.4,0.221
6.2,0.134
6,0.074
5.8,0.031
5.6,-0.012
5.4,-0.052
5.2,-0.077
5,-0.085
4.8,-0.091
4.6,-0.097
4.4,-0.104
4.2,-0.109
4,-0.113
3.8,-0.115
3.6,-0.118
3.4,-0.122
3.2,-0.126
3,-0.13
2.8,-0.135
2.6,-0.143
2.4,-0.153
2.2,-0.166
2,-0.18
1.8,-0.194
1.6,-0.207
1.4,-0.222
1.2,-0.239
1,-0.257
0.8,-0.275
0.6,-0.292
0.4,-0.311
0.2,-0.327
0,-0.339
-0.2,-0.349
-0.4,-0.359
-0.6,-0.369
-0.8,-0.377
-1,-0.386
-1.2,-0.395
-1.4,-0.404
-1.6,-0.415
-1.8,-0.427
-2,-0.439
-2.2,-0.45
-2.4,-0.461
-2.6,-0.473
-2.8,-0.484
-3,-0.494
-3.2,-0.514
-3.4,-0.533
-3.6,-0.553
-3.8,-0.571
-4,-0.595
-4.2,-0.618
-4.4,-0.64
-4.6,-0.661
-4.8,-0.682
-5,-0.704
-5.2,-0.725
-5.4,-0.746
-5.6,-0.766
-5.8,-0.793
-6,-0.843
-6.2,-0.9
-6.4,-0.956
-6.6,-1.012
-6.8,-1.088
-7,-1.164
-7.2,-1.241
-7.4,-1.317
-7.6,-1.392
-7.8,-1.467
-8,-1.538
-7.8,-1.344
-7.6,-1.152
-7.4,-0.959
-7.2,-0.77
-7,-0.588
-6.8,-0.427
-6.6,-0.297
-6.4,-0.198
-6.2,-0.131
-6,-0.07
-5.8,-0.027
-5.6,0.017
-5.4,0.054
-5.2,0.078
-5,0.085
-4.8,0.092
-4.6,0.098
-4.4,0.104
-4.2,0.108
-4,0.112
-3.8,0.115
-3.6,0.118
-3.4,0.122
-3.2,0.126
-3,0.13
-2.8,0.134
-2.6,0.142
-2.4,0.152
-2.2,0.166
-2,0.179
-1.8,0.193
-1.6,0.207
-1.4,0.22
-1.2,0.235
-1,0.254
-0.8,0.272
-0.6,0.289
-0.4,0.306
-0.2,0.323
0,0.336
0.2,0.346
0.4,0.356
0.6,0.366
0.8,0.375
1,0.384
1.2,0.393
1.4,0.402
1.6,0.413
1.8,0.425
2,0.436
2.2,0.448
2.4,0.459
2.6,0.47
2.8,0.481
3,0.492
3.2,0.51
3.4,0.529
3.6,0.549
3.8,0.568
4,0.586
4.2,0.602
4.4,0.625
4.6,0.646
4.8,0.668
5,0.689
5.2,0.71
5.4,0.731
5.6,0.752
5.8,0.772
6,0.793
6.2,0.843
6.4,0.892
6.6,0.948
6.8,1.004
7,1.08
7.2,1.156
7.4,1.231
7.6,1.307
7.8,1.381
8,1.454
8.2,1.522
8.4,1.591
8.6,1.658
8.8,1.72
9,1.782
9.2,1.844
9.4,1.894
9.6,1.917
9.8,1.934
10,1.947
10.2,1.959
10.4,1.972
10.6,1.984
10.8,1.995
11,2.007
11.2,2.018
11.4,2.029
11.6,2.039
11.8,2.05
12,2.06
12.2,2.07
12.4,2.079
12.6,2.087
12.8,2.094
13,2.101
13.2,2.107
13.4,2.113
13.6,2.119
13.8,2.124
14,2.129
14.2,2.134
14.4,2.138
14.6,2.142
14.8,2.145
15,2.149
15.2,2.152
15.4,2.154
15.6,2.157
15.8,2.158
16,2.159
15.8,1.965
15.6,1.772
15.4,1.579
15.2,1.389
15,1.205
14.8,1.033
14.6,0.874
14.4,0.722
14.2,0.594
14,0.472
13.8,0.376
13.6,0.296
13.4,0.216
13.2,0.146
13,0.103
12.8,0.067
12.6,0.039
12.4,0.018
12.2,0.002
12,-0.01
11.8,-0.02
11.6,-0.028
11.4,-0.033
11.2,-0.037
11,-0.04
10.8,-0.042
10.6,-0.044
10.4,-0.046
10.2,-0.048
10,-0.051
9.8,-0.054
9.6,-0.056
9.4,-0.059
9.2,-0.061
9,-0.065
8.8,-0.072
8.6,-0.083
8.4,-0.094
8.2,-0.105
8,-0.116
7.8,-0.125
7.6,-0.134
7.4,-0.141
7.2,-0.148
7,-0.154
6.8,-0.161
6.6,-0.168
6.4,-0.175
6.2,-0.181
6,-0.188
5.8,-0.194
5.6,-0.201
5.4,-0.207
5.2,-0.213
5,-0.219
4.8,-0.224
4.6,-0.23
4.4,-0.235
4.2,-0.241
4,-0.246
3.8,-0.251
3.6,-0.257
3.4,-0.262
3.2,-0.268
3,-0.274
2.8,-0.282
2.6,-0.289
2.4,-0.297
2.2,-0.304
2,-0.312
1.8,-0.32
1.6,-0.328
1.4,-0.336
1.2,-0.344
1,-0.352
0.8,-0.359
0.6,-0.367
0.4,-0.374
0.2,-0.382
0,-0.389
-0.2,-0.397
-0.4,-0.404
-0.6,-0.411
-0.8,-0.419
-1,-0.428
-1.2,-0.437
-1.4,-0.446
-1.6,-0.455
-1.8,-0.464
-2,-0.472
-2.2,-0.481
-2.4,-0.49
-2.6,-0.506
-2.8,-0.522
-3,-0.537
-3.2,-0.553
-3.4,-0.569
-3.6,-0.584
-3.8,-0.6
-4,-0.616
-4.2,-0.632
-4.4,-0.651
-4.6,-0.671
-4.8,-0.691
-5,-0.712
-5.2,-0.732
-5.4,-0.752
-5.6,-0.773
-5.8,-0.795
-6,-0.835
-6.2,-0.876
-6.4,-0.925
-6.6,-0.975
-6.8,-1.05
-7,-1.123
-7.2,-1.196
-7.4,-1.267
-7.6,-1.331
-7.8,-1.394
-8,-1.457
-8.2,-1.52
-8.4,-1.582
-8.6,-1.644
-8.8,-1.706
-9,-1.768
-9.2,-1.83
-9.4,-1.885
-9.6,-1.923
-9.8,-1.937
-10,-1.949
-10.2,-1.962
-10.4,-1.974
-10.6,-1.986
-10.8,-1.997
-11,-2.008
-11.2,-2.019
-11.4,-2.029
-11.6,-2.04
-11.8,-2.05
-12,-2.061
-12.2,-2.07
-12.4,-2.079
-12.6,-2.088
-12.8,-2.095
-13,-2.101
-13.2,-2.108
-13.4,-2.113
-13.6,-2.119
-13.8,-2.124
-14,-2.129
-14.2,-2.134
-14.4,-2.138
-14.6,-2.142
-14.8,-2.145
-15,-2.148
-15.2,-2.151
-15.4,-2.154
-15.6,-2.156
-15.8,-2.157
-16,-2.157
-15.8,-1.963
-15.6,-1.77
-15.4,-1.578
-15.2,-1.387
-15,-1.203
-14.8,-1.031
-14.6,-0.872
-14.4,-0.72
-14.2,-0.593
-14,-0.472
-13.8,-0.377
-13.6,-0.297
-13.4,-0.217
-13.2,-0.147
-13,-0.104
-12.8,-0.067
-12.6,-0.04
-12.4,-0.018
-12.2,-0.002
-12,0.01
-11.8,0.02
-11.6,0.028
-11.4,0.033
-11.2,0.037
-11,0.04
-10.8,0.042
-10.6,0.044
-10.4,0.046
-10.2,0.048
-10,0.05
-9.8,0.053
-9.6,0.056
-9.4,0.058
-9.2,0.06
-9,0.063
-8.8,0.065
-8.6,0.067
-8.4,0.07
-8.2,0.073
-8,0.077
-7.8,0.081
-7.6,0.087
-7.4,0.097
-7.2,0.108
-7,0.119
-6.8,0.129
-6.6,0.139
-6.4,0.148
-6.2,0.154
-6,0.16
-5.8,0.166
-5.6,0.172
-5.4,0.178
-5.2,0.183
-5,0.188
-4.8,0.193
-4.6,0.199
-4.4,0.203
-4.2,0.208
-4,0.213
-3.8,0.217
-3.6,0.222
-3.4,0.226
-3.2,0.231
-3,0.236
-2.8,0.241
-2.6,0.246
-2.4,0.252
-2.2,0.257
-2,0.263
-1.8,0.268
-1.6,0.275
-1.4,0.282
-1.2,0.289
-1,0.296
-0.8,0.303
-0.6,0.31
-0.4,0.317
-0.2,0.323
0,0.33
0.2,0.336
0.4,0.343
0.6,0.349
0.8,0.356
1,0.362
1.2,0.369
1.4,0.375
1.6,0.382
1.8,0.388
2,0.395
2.2,0.401
2.4,0.408
2.6,0.415
2.8,0.421
3,0.428
3.2,0.434
3.4,0.441
3.6,0.447
3.8,0.454
4,0.461
4.2,0.468
4.4,0.475
4.6,0.482
4.8,0.489
5,0.496
5.2,0.503
5.4,0.51
5.6,0.516
5.8,0.522
6,0.528
6.2,0.534
6.4,0.541
6.6,0.547
6.8,0.553
7,0.559
7.2,0.565
7.4,0.577
7.6,0.592
7.8,0.606
8,0.621
8.2,0.636
8.4,0.65
8.6,0.665
8.8,0.679
9,0.694
9.2,0.708
9.4,0.723
9.6,0.737
9.8,0.752
10,0.766
10.2,0.781
10.4,0.795
10.6,0.81
10.8,0.824
11,0.843
11.2,0.862
11.4,0.881
11.6,0.899
11.8,0.922
12,0.958
12.2,0.993
12.4,1.028
12.6,1.062
12.8,1.096
13,1.13
13.2,1.158
13.4,1.197
13.6,1.235
13.8,1.285
14,1.334
14.2,1.384
14.4,1.441
14.6,1.499
14.8,1.556
15,1.614
15.2,1.671
15.4,1.728
15.6,1.784
15.8,1.841
16,1.897
15.8,1.704
15.6,1.511
15.4,1.319
15.2,1.132
15,0.951
14.8,0.781
14.6,0.635
14.4,0.516
14.2,0.427
14,0.344
13.8,0.27
13.6,0.219
13.4,0.176
13.2,0.133
13,0.096
12.8,0.064
12.6,0.033
12.4,0.01
12.2,-0.01
12,-0.023
11.8,-0.033
11.6,-0.037
11.4,-0.042
11.2,-0.045
11,-0.047
10.8,-0.049
10.6,-0.051
10.4,-0.053
10.2,-0.055
10,-0.057
9.8,-0.059
9.6,-0.062
9.4,-0.064
9.2,-0.067
9,-0.07
8.8,-0.073
8.6,-0.075
8.4,-0.077
8.2,-0.08
8,-0.082
7.8,-0.084
7.6,-0.086
7.4,-0.09
7.2,-0.095
7,-0.1
6.8,-0.109
6.6,-0.121
6.4,-0.132
6.2,-0.143
6,-0.153
5.8,-0.161
5.6,-0.167
5.4,-0.174
5.2,-0.179
5,-0.183
4.8,-0.188
4.6,-0.194
4.4,-0.199
4.2,-0.203
4,-0.208
3.8,-0.212
3.6,-0.217
3.4,-0.221
3.2,-0.226
3,-0.23
2.8,-0.235
2.6,-0.24
2.4,-0.245
2.2,-0.251
2,-0.256
1.8,-0.261
1.6,-0.267
1.4,-0.274
1.2,-0.281
1,-0.288
0.8,-0.295
0.6,-0.302
0.4,-0.309
0.2,-0.316
0,-0.323
-0.2,-0.33
-0.4,-0.336
-0.6,-0.343
-0.8,-0.35
-1,-0.356
-1.2,-0.363
-1.4,-0.37
-1.6,-0.376
-1.8,-0.384
-2,-0.391
-2.2,-0.398
-2.4,-0.405
-2.6,-0.412
-2.8,-0.419
-3,-0.425
-3.2,-0.432
-3.4,-0.438
-3.6,-0.445
-3.8,-0.452
-4,-0.46
-4.2,-0.467
-4.4,-0.474
-4.6,-0.481
-4.8,-0.488
-5,-0.495
-5.2,-0.502
-5.4,-0.508
-5.6,-0.515
-5.8,-0.521
-6,-0.527
-6.2,-0.533
-6.4,-0.539
-6.6,-0.546
-6.8,-0.552
-7,-0.558
-7.2,-0.564
-7.4,-0.57
-7.6,-0.579
-7.8,-0.593
-8,-0.608
-8.2,-0.623
-8.4,-0.637
-8.6,-0.652
-8.8,-0.667
-9,-0.681
-9.2,-0.696
-9.4,-0.71
-9.6,-0.725
-9.8,-0.739
-10,-0.754
-10.2,-0.768
-10.4,-0.782
-10.6,-0.797
-10.8,-0.811
-11,-0.827
-11.2,-0.846
-11.4,-0.865
-11.6,-0.884
-11.8,-0.903
-12,-0.939
-12.2,-0.974
-12.4,-1.01
-12.6,-1.045
-12.8,-1.08
-13,-1.116
-13.2,-1.15
-13.4,-1.193
-13.6,-1.237
-13.8,-1.29
-14,-1.34
-14.2,-1.39
-14.4,-1.449
-14.6,-1.507
-14.8,-1.565
-15,-1.622
-15.2,-1.68
-15.4,-1.737
-15.6,-1.793
-15.8,-1.85
-16,-1.906
-15.8,-1.713
-15.6,-1.52
-15.4,-1.33
-15.2,-1.144
-15,-0.963
-14.8,-0.793
-14.6,-0.647
-14.4,-0.525
-14.2,-0.434
-14,-0.35
-13.8,-0.27
-13.6,-0.22
-13.4,-0.177
-13.2,-0.134
-13,-0.097
-12.8,-0.066
-12.6,-0.034
-12.4,-0.011
-12.2,0.009
-12,0.022
-11.8,0.033
-11.6,0.038
-11.4,0.042
-11.2,0.045
-11,0.047
-10.8,0.049
-10.6,0.051
-10.4,0.053
-10.2,0.055
-10,0.057
-9.8,0.059
-9.6,0.061
-9.4,0.063
-9.2,0.065
-9,0.067
-8.8,0.069
-8.6,0.072
-8.4,0.074
-8.2,0.077
-8,0.08
-7.8,0.083
-7.6,0.085
-7.4,0.087
-7.2,0.089
-7,0.093
-6.8,0.097
-6.6,0.102
-6.4,0.107
-6.2,0.119
-6,0.13
-5.8,0.14
-5.6,0.149
-5.4,0.155
-5.2,0.163
-5,0.17
-4.8,0.177
-4.6,0.182
-4.4,0.186
-4.2,0.191
-4,0.196
-3.8,0.202
-3.6,0.206
-3.4,0.211
-3.2,0.215
-3,0.22
-2.8,0.225
-2.6,0.229
-2.4,0.234
-2.2,0.238
-2,0.244
-1.8,0.249
-1.6,0.255
-1.4,0.26
-1.2,0.265
-1,0.271
-0.8,0.276
-0.6,0.282
-0.4,0.287
-0.2,0.294
0,0.301
0.2,0.308
0.4,0.315
0.6,0.322
0.8,0.328
1,0.335
1.2,0.342
1.4,0.349
1.6,0.356
1.8,0.363
2,0.369
2.2,0.376
2.4,0.382
2.6,0.389
2.8,0.397
3,0.404
3.2,0.411
3.4,0.418
3.6,0.425
3.8,0.432
4,0.438
4.2,0.445
4.4,0.452
4.6,0.459
4.8,0.467
5,0.474
5.2,0.481
5.4,0.488
5.6,0.495
5.8,0.502
6,0.509
6.2,0.516
6.4,0.523
6.6,0.53
6.8,0.537
7,0.544
7.2,0.551
7.4,0.558
7.6,0.565
7.8,0.572
8,0.579
8.2,0.585
8.4,0.59
8.6,0.603
8.8,0.618
9,0.632
9.2,0.646
9.4,0.661
9.6,0.675
9.8,0.69
10,0.704
10.2,0.719
10.4,0.733
10.6,0.748
10.8,0.762
11,0.777
11.2,0.791
11.4,0.805
11.6,0.819
11.8,0.834
12,0.853
12.2,0.871
12.4,0.89
12.6,0.909
12.8,0.928
13,0.963
13.2,0.998
13.4,1.033
13.6,1.068
13.8,1.103
14,1.137
14.2,1.18
14.4,1.23
14.6,1.285
14.8,1.334
15,1.392
15.2,1.449
15.4,1.506
15.6,1.563
15.8,1.62
16,1.677
15.8,1.483
15.6,1.289
15.4,1.098
15.2,0.912
15,0.745
14.8,0.615
14.6,0.509
14.4,0.41
14.2,0.339
14,0.289
13.8,0.246
13.6,0.203
13.4,0.162
13.2,0.13
13,0.098
12.8,0.066
12.6,0.037
12.4,0.012
12.2,-0.008
12,-0.025
11.8,-0.035
11.6,-0.042
11.4,-0.044
11.2,-0.045
11,-0.047
10.8,-0.05
10.6,-0.052
10.4,-0.054
10.2,-0.056
10,-0.058
9.8,-0.06
9.6,-0.062
9.4,-0.064
9.2,-0.066
9,-0.068
8.8,-0.07
8.6,-0.072
8.4,-0.074
8.2,-0.076
8,-0.079
7.8,-0.082
7.6,-0.085
7.4,-0.087
7.2,-0.09
7,-0.092
6.8,-0.094
6.6,-0.097
6.4,-0.101
6.2,-0.106
6,-0.111
5.8,-0.122
5.6,-0.131
5.4,-0.138
5.2,-0.145
5,-0.152
4.8,-0.16
4.6,-0.168
4.4,-0.176
4.2,-0.182
4,-0.189
3.8,-0.194
3.6,-0.2
3.4,-0.205
3.2,-0.21
3,-0.215
2.8,-0.22
2.6,-0.224
2.4,-0.229
2.2,-0.233
2,-0.238
1.8,-0.243
1.6,-0.248
1.4,-0.254
1.2,-0.259
1,-0.264
0.8,-0.27
0.6,-0.275
0.4,-0.281
0.2,-0.286
0,-0.291
-0.2,-0.298
-0.4,-0.305
-0.6,-0.312
-0.8,-0.319
-1,-0.326
-1.2,-0.333
-1.4,-0.34
-1.6,-0.347
-1.8,-0.354
-2,-0.36
-2.2,-0.367
-2.4,-0.374
-2.6,-0.38
-2.8,-0.387
-3,-0.394
-3.2,-0.402
-3.4,-0.409
-3.6,-0.416
-3.8,-0.423
-4,-0.43
-4.2,-0.437
-4.4,-0.444
-4.6,-0.452
-4.8,-0.46
-5,-0.468
-5.2,-0.476
-5.4,-0.483
-5.6,-0.49
-5.8,-0.498
-6,-0.505
-6.2,-0.512
-6.4,-0.519
-6.6,-0.526
-6.8,-0.533
-7,-0.541
-7.2,-0.548
-7.4,-0.555
-7.6,-0.562
-7.8,-0.568
-8,-0.575
-8.2,-0.582
-8.4,-0.589
-8.6,-0.596
-8.8,-0.604
-9,-0.619
-9.2,-0.633
-9.4,-0.648
-9.6,-0.662
-9.8,-0.677
-10,-0.691
-10.2,-0.705
-10.4,-0.72
-10.6,-0.734
-10.8,-0.749
-11,-0.763
-11.2,-0.778
-11.4,-0.792
-11.6,-0.807
-11.8,-0.821
-12,-0.84
-12.2,-0.859
-12.4,-0.878
-12.6,-0.896
-12.8,-0.915
-13,-0.951
-13.2,-0.986
-13.4,-1.021
-13.6,-1.056
-13.8,-1.091
-14,-1.13
-14.2,-1.174
-14.4,-1.218
-14.6,-1.277
-14.8,-1.334
-15,-1.398
-15.2,-1.46
-15.4,-1.518
-15.6,-1.575
-15.8,-1.632
-16,-1.689
-15.8,-1.495
-15.6,-1.302
-15.4,-1.111
-15.2,-0.927
-15,-0.763
-14.8,-0.628
-14.6,-0.522
-14.4,-0.422
-14.2,-0.335
-14,-0.286
-13.8,-0.243
-13.6,-0.2
-13.4,-0.161
-13.2,-0.129
-13,-0.097
-12.8,-0.065
-12.6,-0.037
-12.4,-0.012
-12.2,0.008
-12,0.025
-11.8,0.036
-11.6,0.043
-11.4,0.045
-11.2,0.047
-11,0.049
-10.8,0.051
-10.6,0.053
-10.4,0.055
-10.2,0.057
-10,0.059
-9.8,0.061
-9.6,0.063
-9.4,0.065
-9.2,0.067
-9,0.069
-8.8,0.071
-8.6,0.073
-8.4,0.075
-8.2,0.077
-8,0.079
-7.8,0.082
-7.6,0.085
-7.4,0.088
-7.2,0.09
-7,0.093
-6.8,0.095
-6.6,0.098
-6.4,0.101
-6.2,0.105
-6,0.109
-5.8,0.114
-5.6,0.121
-5.4,0.129
-5.2,0.136
-5,0.143
-4.8,0.149
-4.6,0.158
-4.4,0.165
-4.2,0.173
-4,0.18
-3.8,0.187
-3.6,0.194
-3.4,0.199
-3.2,0.205
-3,0.21
-2.8,0.215
-2.6,0.22
-2.4,0.224
-2.2,0.229
-2,0.234
-1.8,0.238
-1.6,0.243
-1.4,0.247
-1.2,0.252
-1,0.257
-0.8,0.262
-0.6,0.268
-0.4,0.273
-0.2,0.278
0,0.284
0.2,0.289
0.4,0.295
0.6,0.301
0.8,0.308
1,0.314
1.2,0.321
1.4,0.328
1.6,0.335
1.8,0.342
2,0.349
2.2,0.356
2.4,0.362
2.6,0.369
2.8,0.375
3,0.382
3.2,0.388
3.4,0.395
3.6,0.403
3.8,0.41
4,0.417
4.2,0.424
4.4,0.431
4.6,0.438
4.8,0.445
5,0.452
5.2,0.46
5.4,0.468
5.6,0.476
5.8,0.484
6,0.491
6.2,0.499
6.4,0.506
6.6,0.513
6.8,0.52
7,0.527
7.2,0.534
7.4,0.542
7.6,0.549
7.8,0.556
8,0.563
8.2,0.57
8.4,0.577
8.6,0.584
8.8,0.59
9,0.597
9.2,0.605
9.4,0.612
9.6,0.619
9.8,0.633
10,0.648
10.2,0.662
10.4,0.676
10.6,0.691
10.8,0.705
11,0.719
11.2,0.734
11.4,0.748
11.6,0.762
11.8,0.777
12,0.791
12.2,0.805
12.4,0.82
12.6,0.838
12.8,0.857
13,0.876
13.2,0.894
13.4,0.913
13.6,0.932
13.8,0.967
14,1.002
14.2,1.037
14.4,1.072
14.6,1.115
14.8,1.159
15,1.217
15.2,1.278
15.4,1.343
15.6,1.407
15.8,1.47
16,1.529
16.2,1.586
16.4,1.643
16.6,1.699
16.8,1.756
17,1.813
17.2,1.869
17.4,1.924
17.6,1.97
17.8,2.015
18,2.041
18.2,2.061
18.4,2.081
18.6,2.089
18.8,2.094
19,2.092
19.2,2.087
19.4,2.082
19.6,2.076
19.8,2.07
20,2.062
20.2,2.054
20.4,2.046
20.6,2.036
20.8,2.025
21,2.014
21.2,2.003
21.4,1.992
21.6,1.981
21.8,1.969
22,1.958
22.2,1.947
22.4,1.935
22.6,1.922
22.8,1.91
23,1.897
23.2,1.885
23.4,1.872
23.6,1.86
23.8,1.847
24,1.834
24.2,1.821
24.4,1.809
24.6,1.796
24.8,1.783
25,1.771
25.2,1.759
25.4,1.747
25.6,1.735
25.8,1.723
26,1.712
26.2,1.7
26.4,1.689
26.6,1.679
26.8,1.667
27,1.656
27.2,1.644
27.4,1.633
27.6,1.621
27.8,1.609
28,1.597
28.2,1.587
28.4,1.576
28.6,1.566
28.8,1.556
29,1.546
29.2,1.537
29.4,1.527
29.6,1.518
29.8,1.509
30,1.5
30.2,1.491
30.4,1.482
30.6,1.474
30.8,1.465
31,1.457
31.2,1.448
31.4,1.44
31.6,1.432
31.8,1.422
32,1.411
31.8,1.272
31.6,1.147
31.4,1.027
31.2,0.923
31,0.821
30.8,0.727
30.6,0.648
30.4,0.587
30.2,0.538
30,0.501
29.8,0.466
29.6,0.433
29.4,0.401
29.2,0.368
29,0.337
28.8,0.307
28.6,0.287
28.4,0.266
28.2,0.245
28,0.225
27.8,0.204
27.6,0.184
27.4,0.164
27.2,0.146
27,0.131
26.8,0.121
26.6,0.112
26.4,0.103
26.2,0.095
26,0.087
25.8,0.08
25.6,0.072
25.4,0.064
25.2,0.059
25,0.054
24.8,0.049
24.6,0.045
24.4,0.042
24.2,0.038
24,0.035
23.8,0.031
23.6,0.028
23.4,0.024
23.2,0.022
23,0.019
22.8,0.016
22.6,0.013
22.4,0.01
22.2,0.007
22,0.005
21.8,0.002
21.6,0
21.4,-0.002
21.2,-0.005
21,-0.007
20.8,-0.009
20.6,-0.012
20.4,-0.013
20.2,-0.015
20,-0.016
19.8,-0.017
19.6,-0.018
19.4,-0.02
19.2,-0.021
19,-0.022
18.8,-0.023
18.6,-0.024
18.4,-0.025
18.2,-0.027
18,-0.028
17.8,-0.03
17.6,-0.031
17.4,-0.033
17.2,-0.034
17,-0.036
16.8,-0.037
16.6,-0.039
16.4,-0.04
16.2,-0.042
16,-0.043
15.8,-0.044
15.6,-0.046
15.4,-0.047
15.2,-0.048
15,-0.05
14.8,-0.051
14.6,-0.052
14.4,-0.054
14.2,-0.055
14,-0.056
13.8,-0.058
13.6,-0.059
13.4,-0.061
13.2,-0.062
13,-0.064
12.8,-0.065
12.6,-0.067
12.4,-0.068
12.2,-0.07
12,-0.071
11.8,-0.073
11.6,-0.074
11.4,-0.076
11.2,-0.077
11,-0.079
10.8,-0.08
10.6,-0.081
10.4,-0.083
10.2,-0.084
10,-0.086
9.8,-0.088
9.6,-0.091
9.4,-0.093
9.2,-0.095
9,-0.097
8.8,-0.099
8.6,-0.1
8.4,-0.104
8.2,-0.107
8,-0.112
7.8,-0.117
7.6,-0.123
7.4,-0.129
7.2,-0.134
7,-0.14
6.8,-0.144
6.6,-0.149
6.4,-0.154
6.2,-0.158
6,-0.162
5.8,-0.166
5.6,-0.171
5.4,-0.175
5.2,-0.18
5,-0.184
4.8,-0.189
4.6,-0.194
4.4,-0.198
4.2,-0.203
4,-0.207
3.8,-0.212
3.6,-0.217
3.4,-0.221
3.2,-0.226
3,-0.23
2.8,-0.235
2.6,-0.239
2.4,-0.244
2.2,-0.248
2,-0.253
1.8,-0.257
1.6,-0.261
1.4,-0.266
1.2,-0.271
1,-0.277
0.8,-0.282
0.6,-0.287
0.4,-0.293
0.2,-0.299
0,-0.306
-0.2,-0.312
-0.4,-0.319
-0.6,-0.325
-0.8,-0.332
-1,-0.338
-1.2,-0.345
-1.4,-0.351
-1.6,-0.357
-1.8,-0.364
-2,-0.37
-2.2,-0.377
-2.4,-0.383
-2.6,-0.389
-2.8,-0.396
-3,-0.402
-3.2,-0.408
-3.4,-0.415
-3.6,-0.421
-3.8,-0.427
-4,-0.433
-4.2,-0.44
-4.4,-0.446
-4.6,-0.453
-4.8,-0.459
-5,-0.466
-5.2,-0.472
-5.4,-0.478
-5.6,-0.485
-5.8,-0.491
-6,-0.497
-6.2,-0.504
-6.4,-0.511
-6.6,-0.518
-6.8,-0.525
-7,-0.532
-7.2,-0.538
-7.4,-0.55
-7.6,-0.562
-7.8,-0.574
-8,-0.586
-8.2,-0.598
-8.4,-0.609
-8.6,-0.62
-8.8,-0.631
-9,-0.641
-9.2,-0.652
-9.4,-0.662
-9.6,-0.673
-9.8,-0.684
-10,-0.697
-10.2,-0.71
-10.4,-0.724
-10.6,-0.737
-10.8,-0.75
-11,-0.763
-11.2,-0.777
-11.4,-0.79
-11.6,-0.803
-11.8,-0.817
-12,-0.83
-12.2,-0.843
-12.4,-0.856
-12.6,-0.869
-12.8,-0.889
-13,-0.911
-13.2,-0.94
-13.4,-0.968
-13.6,-0.996
-13.8,-1.024
-14,-1.052
-14.2,-1.081
-14.4,-1.109
-14.6,-1.137
-14.8,-1.181
-15,-1.231
-15.2,-1.28
-15.4,-1.338
-15.6,-1.397
-15.8,-1.455
-16,-1.512
-16.2,-1.569
-16.4,-1.625
-16.6,-1.682
-16.8,-1.739
-17,-1.795
-17.2,-1.852
-17.4,-1.907
-17.6,-1.953
-17.8,-1.998
-18,-2.029
-18.2,-2.051
-18.4,-2.071
-18.6,-2.083
-18.8,-2.088
-19,-2.085
-19.2,-2.082
-19.4,-2.078
-19.6,-2.072
-19.8,-2.065
-20,-2.058
-20.2,-2.049
-20.4,-2.041
-20.6,-2.032
-20.8,-2.021
-21,-2.011
-21.2,-2
-21.4,-1.988
-21.6,-1.977
-21.8,-1.965
-22,-1.954
-22.2,-1.943
-22.4,-1.931
-22.6,-1.918
-22.8,-1.906
-23,-1.893
-23.2,-1.881
-23.4,-1.868
-23.6,-1.856
-23.8,-1.843
-24,-1.83
-24.2,-1.818
-24.4,-1.805
-24.6,-1.792
-24.8,-1.78
-25,-1.767
-25.2,-1.755
-25.4,-1.743
-25.6,-1.731
-25.8,-1.72
-26,-1.709
-26.2,-1.697
-26.4,-1.686
-26.6,-1.676
-26.8,-1.664
-27,-1.653
-27.2,-1.641
-27.4,-1.629
-27.6,-1.617
-27.8,-1.605
-28,-1.593
-28.2,-1.582
-28.4,-1.572
-28.6,-1.562
-28.8,-1.552
-29,-1.542
-29.2,-1.533
-29.4,-1.523
-29.6,-1.514
-29.8,-1.505
-30,-1.496
-30.2,-1.487
-30.4,-1.479
-30.6,-1.471
-30.8,-1.462
-31,-1.454
-31.2,-1.446
-31.4,-1.438
-31.6,-1.429
-31.8,-1.419
-32,-1.408
-31.8,-1.268
-31.6,-1.141
-31.4,-1.02
-31.2,-0.914
-31,-0.813
-30.8,-0.72
-30.6,-0.646
-30.4,-0.584
-30.2,-0.54
-30,-0.504
-29.8,-0.47
-29.6,-0.436
-29.4,-0.404
-29.2,-0.371
-29,-0.339
-28.8,-0.308
-28.6,-0.288
-28.4,-0.267
-28.2,-0.247
-28,-0.226
-27.8,-0.206
-27.6,-0.185
-27.4,-0.165
-27.2,-0.147
-27,-0.132
-26.8,-0.123
-26.6,-0.113
-26.4,-0.104
-26.2,-0.096
-26,-0.088
-25.8,-0.081
-25.6,-0.073
-25.4,-0.065
-25.2,-0.06
-25,-0.055
-24.8,-0.05
-24.6,-0.046
-24.4,-0.042
-24.2,-0.039
-24,-0.035
-23.8,-0.032
-23.6,-0.028
-23.4,-0.025
-23.2,-0.022
-23,-0.019
-22.8,-0.016
-22.6,-0.014
-22.4,-0.011
-22.2,-0.008
-22,-0.005
-21.8,-0.003
-21.6,-0.001
-21.4,0.001
-21.2,0.003
-21,0.004
-20.8,0.006
-20.6,0.007
-20.4,0.009
-20.2,0.01
-20,0.012
-19.8,0.013
-19.6,0.014
-19.4,0.015
-19.2,0.016
-19,0.018
-18.8,0.019
-18.6,0.02
-18.4,0.021
-18.2,0.022
-18,0.023
-17.8,0.025
-17.6,0.026
-17.4,0.028
-17.2,0.029
-17,0.031
-16.8,0.032
-16.6,0.034
-16.4,0.035
-16.2,0.037
-16,0.038
-15.8,0.04
-15.6,0.041
-15.4,0.042
-15.2,0.043
-15,0.045
-14.8,0.046
-14.6,0.047
-14.4,0.049
-14.2,0.05
-14,0.051
-13.8,0.053
-13.6,0.054
-13.4,0.055
-13.2,0.057
-13,0.058
-12.8,0.059
-12.6,0.06
-12.4,0.062
-12.2,0.063
-12,0.064
-11.8,0.065
-11.6,0.066
-11.4,0.067
-11.2,0.068
-11,0.069
-10.8,0.071
-10.6,0.072
-10.4,0.073
-10.2,0.074
-10,0.075
-9.8,0.076
-9.6,0.077
-9.4,0.079
-9.2,0.08
-9,0.081
-8.8,0.082
-8.6,0.083
-8.4,0.084
-8.2,0.085
-8,0.086
-7.8,0.087
-7.6,0.088
-7.4,0.09
-7.2,0.091
-7,0.092
-6.8,0.093
-6.6,0.094
-6.4,0.095
-6.2,0.096
-6,0.097
-5.8,0.098
-5.6,0.099
-5.4,0.101
-5.2,0.102
-5,0.103
-4.8,0.104
-4.6,0.105
-4.4,0.106
-4.2,0.107
-4,0.108
-3.8,0.109
-3.6,0.11
-3.4,0.111
-3.2,0.111
-3,0.112
-2.8,0.113
-2.6,0.114
-2.4,0.115
-2.2,0.116
-2,0.117
-1.8,0.118
-1.6,0.119
-1.4,0.12
-1.2,0.121
-1,0.122
-0.8,0.123
-0.6,0.124
-0.4,0.125
-0.2,0.126
0,0.128
0.2,0.129
0.4,0.13
0.6,0.131
0.8,0.133
1,0.135
1.2,0.137
1.4,0.139
1.6,0.141
1.8,0.142
2,0.144
2.2,0.146
2.4,0.148
2.6,0.15
2.8,0.152
3,0.154
3.2,0.156
3.4,0.158
3.6,0.16
3.8,0.162
4,0.163
4.2,0.166
4.4,0.169
4.6,0.174
4.8,0.179
5,0.184
5.2,0.19
5.4,0.195
5.6,0.2
5.8,0.206
6,0.212
6.2,0.218
6.4,0.224
6.6,0.23
6.8,0.235
7,0.24
7.2,0.245
7.4,0.249
7.6,0.254
7.8,0.259
8,0.263
8.2,0.268
8.4,0.272
8.6,0.277
8.8,0.281
9,0.285
9.2,0.29
9.4,0.294
9.6,0.299
9.8,0.305
10,0.31
10.2,0.315
10.4,0.32
10.6,0.325
10.8,0.33
11,0.335
11.2,0.34
11.4,0.345
11.6,0.35
11.8,0.355
12,0.36
12.2,0.365
12.4,0.37
12.6,0.375
12.8,0.38
13,0.384
13.2,0.389
13.4,0.394
13.6,0.399
13.8,0.404
14,0.409
14.2,0.414
14.4,0.419
14.6,0.423
14.8,0.43
15,0.437
15.2,0.444
15.4,0.451
15.6,0.458
15.8,0.465
16,0.472
16.2,0.479
16.4,0.486
16.6,0.494
16.8,0.501
17,0.508
17.2,0.515
17.4,0.522
17.6,0.529
17.8,0.535
18,0.544
18.2,0.553
18.4,0.562
18.6,0.57
18.8,0.579
19,0.588
19.2,0.597
19.4,0.605
19.6,0.614
19.8,0.623
20,0.631
20.2,0.64
20.4,0.649
20.6,0.657
20.8,0.666
21,0.675
21.2,0.684
21.4,0.692
21.6,0.701
21.8,0.71
22,0.718
22.2,0.727
22.4,0.736
22.6,0.744
22.8,0.754
23,0.763
23.2,0.772
23.4,0.781
23.6,0.79
23.8,0.8
24,0.809
24.2,0.818
24.4,0.827
24.6,0.841
24.8,0.855
25,0.87
25.2,0.885
25.4,0.9
25.6,0.915
25.8,0.93
26,0.945
26.2,0.96
26.4,0.975
26.6,0.99
26.8,1.005
27,1.019
27.2,1.034
27.4,1.049
27.6,1.063
27.8,1.081
28,1.1
28.2,1.118
28.4,1.133
28.6,1.147
28.8,1.162
29,1.163
29.2,1.159
29.4,1.154
29.6,1.164
29.8,1.158
30,1.151
30.2,1.145
30.4,1.139
30.6,1.134
30.8,1.128
31,1.122
31.2,1.116
31.4,1.11
31.6,1.104
31.8,1.098
32,1.094
31.8,0.972
31.6,0.872
31.4,0.774
31.2,0.682
31,0.599
30.8,0.53
30.6,0.473
30.4,0.421
30.2,0.376
30,0.341
29.8,0.324
29.6,0.307
29.4,0.291
29.2,0.275
29,0.26
28.8,0.244
28.6,0.229
28.4,0.213
28.2,0.197
28,0.182
27.8,0.166
27.6,0.15
27.4,0.135
27.2,0.123
27,0.114
26.8,0.104
26.6,0.094
26.4,0.084
26.2,0.074
26,0.064
25.8,0.056
25.6,0.049
25.4,0.042
25.2,0.035
25,0.029
24.8,0.024
24.6,0.021
24.4,0.017
24.2,0.013
24,0.009
23.8,0.006
23.6,0.002
23.4,-0.002
23.2,-0.005
23,-0.009
22.8,-0.011
22.6,-0.013
22.4,-0.015
22.2,-0.018
22,-0.02
21.8,-0.022
21.6,-0.024
21.4,-0.026
21.2,-0.028
21,-0.029
20.8,-0.031
20.6,-0.032
20.4,-0.034
20.2,-0.035
20,-0.037
19.8,-0.038
19.6,-0.04
19.4,-0.041
19.2,-0.043
19,-0.044
18.8,-0.046
18.6,-0.048
18.4,-0.049
18.2,-0.051
18,-0.052
17.8,-0.054
17.6,-0.055
17.4,-0.056
17.2,-0.057
17,-0.058
16.8,-0.059
16.6,-0.06
16.4,-0.062
16.2,-0.063
16,-0.064
15.8,-0.065
15.6,-0.066
15.4,-0.067
15.2,-0.068
15,-0.069
14.8,-0.07
14.6,-0.071
14.4,-0.072
14.2,-0.073
14,-0.074
13.8,-0.075
13.6,-0.076
13.4,-0.078
13.2,-0.079
13,-0.08
12.8,-0.082
12.6,-0.083
12.4,-0.084
12.2,-0.085
12,-0.087
11.8,-0.088
11.6,-0.089
11.4,-0.091
11.2,-0.092
11,-0.093
10.8,-0.094
10.6,-0.096
10.4,-0.097
10.2,-0.098
10,-0.099
9.8,-0.1
9.6,-0.101
9.4,-0.102
9.2,-0.103
9,-0.104
8.8,-0.105
8.6,-0.106
8.4,-0.107
8.2,-0.108
8,-0.109
7.8,-0.109
7.6,-0.11
7.4,-0.111
7.2,-0.112
7,-0.113
6.8,-0.114
6.6,-0.115
6.4,-0.116
6.2,-0.116
6,-0.117
5.8,-0.118
5.6,-0.119
5.4,-0.12
5.2,-0.121
5,-0.122
4.8,-0.123
4.6,-0.124
4.4,-0.125
4.2,-0.126
4,-0.127
3.8,-0.128
3.6,-0.129
3.4,-0.13
3.2,-0.131
3,-0.132
2.8,-0.133
2.6,-0.134
2.4,-0.135
2.2,-0.136
2,-0.137
1.8,-0.138
1.6,-0.139
1.4,-0.14
1.2,-0.141
1,-0.142
0.8,-0.143
0.6,-0.144
0.4,-0.145
0.2,-0.146
0,-0.147
-0.2,-0.148
-0.4,-0.149
-0.6,-0.151
-0.8,-0.152
-1,-0.153
-1.2,-0.155
-1.4,-0.156
-1.6,-0.157
-1.8,-0.159
-2,-0.16
-2.2,-0.161
-2.4,-0.163
-2.6,-0.164
-2.8,-0.165
-3,-0.167
-3.2,-0.168
-3.4,-0.17
-3.6,-0.171
-3.8,-0.173
-4,-0.174
-4.2,-0.176
-4.4,-0.177
-4.6,-0.179
-4.8,-0.18
-5,-0.182
-5.2,-0.183
-5.4,-0.185
-5.6,-0.186
-5.8,-0.188
-6,-0.189
-6.2,-0.191
-6.4,-0.192
-6.6,-0.194
-6.8,-0.195
-7,-0.197
-7.2,-0.199
-7.4,-0.2
-7.6,-0.202
-7.8,-0.204
-8,-0.205
-8.2,-0.207
-8.4,-0.209
-8.6,-0.21
-8.8,-0.213
-9,-0.215
-9.2,-0.217
-9.4,-0.22
-9.6,-0.222
-9.8,-0.225
-10,-0.227
-10.2,-0.229
-10.4,-0.232
-10.6,-0.234
-10.8,-0.236
-11,-0.239
-11.2,-0.243
-11.4,-0.248
-11.6,-0.253
-11.8,-0.259
-12,-0.264
-12.2,-0.269
-12.4,-0.274
-12.6,-0.28
-12.8,-0.286
-13,-0.292
-13.2,-0.298
-13.4,-0.304
-13.6,-0.31
-13.8,-0.316
-14,-0.322
-14.2,-0.328
-14.4,-0.334
-14.6,-0.339
-14.8,-0.348
-15,-0.356
-15.2,-0.364
-15.4,-0.376
-15.6,-0.388
-15.8,-0.399
-16,-0.41
-16.2,-0.419
-16.4,-0.427
-16.6,-0.436
-16.8,-0.444
-17,-0.452
-17.2,-0.46
-17.4,-0.467
-17.6,-0.475
-17.8,-0.482
-18,-0.49
-18.2,-0.497
-18.4,-0.505
-18.6,-0.512
-18.8,-0.52
-19,-0.527
-19.2,-0.535
-19.4,-0.543
-19.6,-0.55
-19.8,-0.558
-20,-0.565
-20.2,-0.573
-20.4,-0.58
-20.6,-0.588
-20.8,-0.595
-21,-0.603
-21.2,-0.611
-21.4,-0.621
-21.6,-0.631
-21.8,-0.641
-22,-0.651
-22.2,-0.661
-22.4,-0.671
-22.6,-0.681
-22.8,-0.69
-23,-0.698
-23.2,-0.707
-23.4,-0.716
-23.6,-0.725
-23.8,-0.734
-24,-0.747
-24.2,-0.759
-24.4,-0.772
-24.6,-0.784
-24.8,-0.797
-25,-0.809
-25.2,-0.822
-25.4,-0.835
-25.6,-0.849
-25.8,-0.864
-26,-0.878
-26.2,-0.892
-26.4,-0.906
-26.6,-0.92
-26.8,-0.934
-27,-0.949
-27.2,-0.965
-27.4,-0.981
-27.6,-0.996
-27.8,-1.012
-28,-1.028
-28.2,-1.044
-28.4,-1.06
-28.6,-1.076
-28.8,-1.092
-29,-1.108
-29.2,-1.124
-29.4,-1.145
-29.6,-1.166
-29.8,-1.191
-30,-1.212
-30.2,-1.227
-30.4,-1.224
-30.6,-1.219
-30.8,-1.229
-31,-1.224
-31.2,-1.218
-31.4,-1.214
-31.6,-1.208
-31.8,-1.202
-32,-1.196
-31.8,-1.058
-31.6,-0.936
-31.4,-0.826
-31.2,-0.729
-31,-0.644
-30.8,-0.569
-30.6,-0.514
-30.4,-0.465
-30.2,-0.423
-30,-0.389
-29.8,-0.356
-29.6,-0.324
-29.4,-0.305
-29.2,-0.289
-29,-0.274
-28.8,-0.258
-28.6,-0.242
-28.4,-0.227
-28.2,-0.211
-28,-0.196
-27.8,-0.18
-27.6,-0.164
-27.4,-0.149
-27.2,-0.133
-27,-0.122
-26.8,-0.112
-26.6,-0.103
-26.4,-0.093
-26.2,-0.084
-26,-0.074
-25.8,-0.065
-25.6,-0.056
-25.4,-0.048
-25.2,-0.041
-25,-0.035
-24.8,-0.031
-24.6,-0.028
-24.4,-0.024
-24.2,-0.02
-24,-0.017
-23.8,-0.013
-23.6,-0.009
-23.4,-0.007
-23.2,-0.004
-23,-0.002
-22.8,0
-22.6,0.002
-22.4,0.004
-22.2,0.006
-22,0.008
-21.8,0.01
-21.6,0.012
-21.4,0.013
-21.2,0.015
-21,0.017
-20.8,0.018
-20.6,0.02
-20.4,0.021
-20.2,0.023
-20,0.024
-19.8,0.026
-19.6,0.027
-19.4,0.029
-19.2,0.03
-19,0.032
-18.8,0.033
-18.6,0.035
-18.4,0.036
-18.2,0.038
-18,0.04
-17.8,0.041
-17.6,0.042
-17.4,0.043
-17.2,0.044
-17,0.045
-16.8,0.046
-16.6,0.048
-16.4,0.049
-16.2,0.05
-16,0.051
-15.8,0.052
-15.6,0.053
-15.4,0.054
-15.2,0.056
-15,0.057
-14.8,0.058
-14.6,0.059
-14.4,0.06
-14.2,0.061
-14,0.062
-13.8,0.063
-13.6,0.065
-13.4,0.066
-13.2,0.067
-13,0.068
-12.8,0.07
-12.6,0.071
-12.4,0.072
-12.2,0.074
-12,0.075
-11.8,0.076
-11.6,0.078
-11.4,0.079
-11.2,0.08
-11,0.081
-10.8,0.083
-10.6,0.084
-10.4,0.085
-10.2,0.087
-10,0.088
-9.8,0.089
-9.6,0.09
-9.4,0.092
-9.2,0.093
-9,0.094
-8.8,0.095
-8.6,0.097
-8.4,0.098
-8.2,0.099
-8,0.1
-7.8,0.101
-7.6,0.102
-7.4,0.103
-7.2,0.104
-7,0.105
-6.8,0.106
-6.6,0.107
-6.4,0.107
-6.2,0.108
-6,0.109
-5.8,0.11
-5.6,0.111
-5.4,0.112
-5.2,0.112
-5,0.113
-4.8,0.114
-4.6,0.115
-4.4,0.116
-4.2,0.117
-4,0.118
-3.8,0.118
-3.6,0.119
-3.4,0.12
-3.2,0.121
-3,0.122
-2.8,0.123
-2.6,0.124
-2.4,0.125
-2.2,0.126
-2,0.127
-1.8,0.128
-1.6,0.129
-1.4,0.13
-1.2,0.131
-1,0.132
-0.8,0.133
-0.6,0.134
-0.4,0.135
-0.2,0.136
0,0.137
0.2,0.138
0.4,0.139
0.6,0.14
0.8,0.141
1,0.142
1.2,0.143
1.4,0.144
1.6,0.145
1.8,0.146
2,0.147
2.2,0.148
2.4,0.149
2.6,0.15
2.8,0.151
3,0.152
3.2,0.154
3.4,0.155
3.6,0.156
3.8,0.158
4,0.159
4.2,0.16
4.4,0.162
4.6,0.163
4.8,0.164
5,0.166
5.2,0.167
5.4,0.168
5.6,0.17
5.8,0.171
6,0.172
6.2,0.174
6.4,0.175
6.6,0.176
6.8,0.178
7,0.179
7.2,0.18
7.4,0.182
7.6,0.183
7.8,0.185
8,0.186
8.2,0.188
8.4,0.189
8.6,0.191
8.8,0.192
9,0.194
9.2,0.195
9.4,0.197
9.6,0.198
9.8,0.199
10,0.201
10.2,0.202
10.4,0.204
10.6,0.205
10.8,0.207
11,0.208
11.2,0.211
11.4,0.213
11.6,0.215
11.8,0.218
12,0.22
12.2,0.222
12.4,0.225
12.6,0.227
12.8,0.229
13,0.232
13.2,0.234
13.4,0.236
13.6,0.239
13.8,0.241
14,0.243
14.2,0.246
14.4,0.249
14.6,0.252
14.8,0.256
15,0.261
15.2,0.266
15.4,0.271
15.6,0.276
15.8,0.281
16,0.287
16.2,0.293
16.4,0.298
16.6,0.304
16.8,0.31
17,0.316
17.2,0.321
17.4,0.327
17.6,0.333
17.8,0.338
18,0.344
18.2,0.35
18.4,0.355
18.6,0.363
18.8,0.371
19,0.379
19.2,0.386
19.4,0.394
19.6,0.401
19.8,0.413
20,0.423
20.2,0.434
20.4,0.444
20.6,0.452
20.8,0.46
21,0.468
21.2,0.477
21.4,0.484
21.6,0.492
21.8,0.499
22,0.507
22.2,0.514
22.4,0.521
22.6,0.529
22.8,0.536
23,0.544
23.2,0.551
23.4,0.558
23.6,0.566
23.8,0.573
24,0.58
24.2,0.588
24.4,0.595
24.6,0.603
24.8,0.61
25,0.617
25.2,0.625
25.4,0.632
25.6,0.639
25.8,0.649
26,0.659
26.2,0.669
26.4,0.679
26.6,0.689
26.8,0.698
27,0.708
27.2,0.718
27.4,0.727
27.6,0.741
27.8,0.754
28,0.768
28.2,0.781
28.4,0.793
28.6,0.805
28.8,0.819
29,0.833
29.2,0.847
29.4,0.861
29.6,0.875
29.8,0.891
30,0.906
30.2,0.922
30.4,0.938
30.6,0.954
30.8,0.97
31,0.989
31.2,1.005
31.4,1.012
31.6,1.018
31.8,1.016
32,1.012
31.8,0.897
31.6,0.795
31.4,0.699
31.2,0.609
31,0.527
30.8,0.458
30.6,0.404
30.4,0.365
30.2,0.339
30,0.32
29.8,0.303
29.6,0.287
29.4,0.271
29.2,0.255
29,0.239
28.8,0.223
28.6,0.208
28.4,0.192
28.2,0.176
28,0.161
27.8,0.145
27.6,0.134
27.4,0.124
27.2,0.114
27,0.104
26.8,0.097
26.6,0.09
26.4,0.083
26.2,0.076
26,0.069
25.8,0.061
25.6,0.054
25.4,0.047
25.2,0.04
25,0.034
24.8,0.028
24.6,0.023
24.4,0.019
24.2,0.015
24,0.012
23.8,0.008
23.6,0.004
23.4,0.001
23.2,-0.003
23,-0.007
22.8,-0.01
22.6,-0.013
22.4,-0.015
22.2,-0.017
22,-0.019
21.8,-0.021
21.6,-0.023
21.4,-0.025
21.2,-0.028
21,-0.03
20.8,-0.032
20.6,-0.033
20.4,-0.035
20.2,-0.037
20,-0.039
19.8,-0.04
19.6,-0.042
19.4,-0.044
19.2,-0.046
19,-0.047
18.8,-0.049
18.6,-0.051
18.4,-0.053
18.2,-0.054
18,-0.056
17.8,-0.058
17.6,-0.059
17.4,-0.061
17.2,-0.062
17,-0.064
16.8,-0.065
16.6,-0.067
16.4,-0.068
16.2,-0.069
16,-0.07
15.8,-0.071
15.6,-0.072
15.4,-0.073
15.2,-0.074
15,-0.075
14.8,-0.076
14.6,-0.077
14.4,-0.078
14.2,-0.079
14,-0.08
13.8,-0.081
13.6,-0.082
13.4,-0.083
13.2,-0.084
13,-0.085
12.8,-0.086
12.6,-0.087
12.4,-0.088
12.2,-0.089
12,-0.089
11.8,-0.09
11.6,-0.091
11.4,-0.092
11.2,-0.093
11,-0.094
10.8,-0.094
10.6,-0.095
10.4,-0.096
10.2,-0.096
10,-0.097
9.8,-0.098
9.6,-0.099
9.4,-0.1
9.2,-0.101
9,-0.102
8.8,-0.103
8.6,-0.104
8.4,-0.105
8.2,-0.106
8,-0.107
7.8,-0.108
7.6,-0.109
7.4,-0.11
7.2,-0.111
7,-0.112
6.8,-0.113
6.6,-0.115
6.4,-0.116
6.2,-0.117
6,-0.118
5.8,-0.119
5.6,-0.121
5.4,-0.122
5.2,-0.123
5,-0.124
4.8,-0.125
4.6,-0.127
4.4,-0.128
4.2,-0.129
4,-0.13
3.8,-0.131
3.6,-0.132
3.4,-0.134
3.2,-0.135
3,-0.136
2.8,-0.137
2.6,-0.138
2.4,-0.139
2.2,-0.14
2,-0.141
1.8,-0.142
1.6,-0.143
1.4,-0.144
1.2,-0.145
1,-0.146
0.8,-0.147
0.6,-0.148
0.4,-0.149
0.2,-0.151
0,-0.152
-0.2,-0.153
-0.4,-0.155
-0.6,-0.156
-0.8,-0.157
-1,-0.159
-1.2,-0.16
-1.4,-0.161
-1.6,-0.163
-1.8,-0.164
-2,-0.165
-2.2,-0.167
-2.4,-0.168
-2.6,-0.169
-2.8,-0.171
-3,-0.172
-3.2,-0.173
-3.4,-0.175
-3.6,-0.176
-3.8,-0.177
-4,-0.179
-4.2,-0.18
-4.4,-0.181
-4.6,-0.183
-4.8,-0.184
-5,-0.185
-5.2,-0.187
-5.4,-0.188
-5.6,-0.189
-5.8,-0.191
-6,-0.192
-6.2,-0.193
-6.4,-0.195
-6.6,-0.196
-6.8,-0.197
-7,-0.199
-7.2,-0.2
-7.4,-0.201
-7.6,-0.203
-7.8,-0.204
-8,-0.205
-8.2,-0.207
-8.4,-0.208
-8.6,-0.209
-8.8,-0.211
-9,-0.212
-9.2,-0.213
-9.4,-0.215
-9.6,-0.216
-9.8,-0.218
-10,-0.219
-10.2,-0.221
-10.4,-0.222
-10.6,-0.224
-10.8,-0.225
-11,-0.227
-11.2,-0.228
-11.4,-0.23
-11.6,-0.231
-11.8,-0.233
-12,-0.234
-12.2,-0.235
-12.4,-0.237
-12.6,-0.238
-12.8,-0.24
-13,-0.241
-13.2,-0.243
-13.4,-0.244
-13.6,-0.246
-13.8,-0.247
-14,-0.249
-14.2,-0.251
-14.4,-0.252
-14.6,-0.254
-14.8,-0.256
-15,-0.258
-15.2,-0.26
-15.4,-0.262
-15.6,-0.265
-15.8,-0.267
-16,-0.269
-16.2,-0.272
-16.4,-0.274
-16.6,-0.276
-16.8,-0.279
-17,-0.281
-17.2,-0.283
-17.4,-0.286
-17.6,-0.288
-17.8,-0.291
-18,-0.297
-18.2,-0.304
-18.4,-0.311
-18.6,-0.318
-18.8,-0.325
-19,-0.331
-19.2,-0.338
-19.4,-0.346
-19.6,-0.354
-19.8,-0.361
-20,-0.369
-20.2,-0.377
-20.4,-0.385
-20.6,-0.392
-20.8,-0.4
-21,-0.408
-21.2,-0.415
-21.4,-0.423
-21.6,-0.431
-21.8,-0.443
-22,-0.455
-22.2,-0.467
-22.4,-0.478
-22.6,-0.49
-22.8,-0.502
-23,-0.514
-23.2,-0.525
-23.4,-0.537
-23.6,-0.548
-23.8,-0.558
-24,-0.569
-24.2,-0.578
-24.4,-0.586
-24.6,-0.595
-24.8,-0.603
-25,-0.611
-25.2,-0.619
-25.4,-0.627
-25.6,-0.634
-25.8,-0.641
-26,-0.649
-26.2,-0.656
-26.4,-0.663
-26.6,-0.677
-26.8,-0.691
-27,-0.705
-27.2,-0.718
-27.4,-0.732
-27.6,-0.746
-27.8,-0.759
-28,-0.773
-28.2,-0.787
-28.4,-0.8
-28.6,-0.814
-28.8,-0.828
-29,-0.844
-29.2,-0.86
-29.4,-0.876
-29.6,-0.892
-29.8,-0.908
-30,-0.926
-30.2,-0.944
-30.4,-0.963
-30.6,-0.981
-30.8,-0.999
-31,-1.029
-31.2,-1.058
-31.4,-1.084
-31.6,-1.102
-31.8,-1.11
-32,-1.117
-31.8,-0.979
-31.6,-0.86
-31.4,-0.758
-31.2,-0.664
-31,-0.576
-30.8,-0.505
-30.6,-0.45
-30.4,-0.399
-30.2,-0.358
-30,-0.335
-29.8,-0.317
-29.6,-0.301
-29.4,-0.285
-29.2,-0.27
-29,-0.254
-28.8,-0.238
-28.6,-0.223
-28.4,-0.207
-28.2,-0.191
-28,-0.176
-27.8,-0.16
-27.6,-0.145
-27.4,-0.129
-27.2,-0.118
-27,-0.108
-26.8,-0.098
-26.6,-0.09
-26.4,-0.083
-26.2,-0.076
-26,-0.069
-25.8,-0.062
-25.6,-0.056
-25.4,-0.05
-25.2,-0.044
-25,-0.038
-24.8,-0.032
-24.6,-0.028
-24.4,-0.024
-24.2,-0.02
-24,-0.017
-23.8,-0.013
-23.6,-0.009
-23.4,-0.006
-23.2,-0.004
-23,-0.001
-22.8,0.001
-22.6,0.004
-22.4,0.007
-22.2,0.009
-22,0.011
-21.8,0.012
-21.6,0.014
-21.4,0.016
-21.2,0.018
-21,0.02
-20.8,0.022
-20.6,0.024
-20.4,0.025
-20.2,0.027
-20,0.028
-19.8,0.03
-19.6,0.031
-19.4,0.033
-19.2,0.034
-19,0.036
-18.8,0.037
-18.6,0.039
-18.4,0.041
-18.2,0.042
-18,0.044
-17.8,0.045
-17.6,0.047
-17.4,0.048
-17.2,0.05
-17,0.051
-16.8,0.052
-16.6,0.053
-16.4,0.054
-16.2,0.055
-16,0.056
-15.8,0.057
-15.6,0.059
-15.4,0.06
-15.2,0.061
-15,0.062
-14.8,0.063
-14.6,0.064
-14.4,0.065
-14.2,0.067
-14,0.068
-13.8,0.069
-13.6,0.07
-13.4,0.071
-13.2,0.072
-13,0.073
-12.8,0.074
-12.6,0.075
-12.4,0.076
-12.2,0.077
-12,0.078
-11.8,0.079
-11.6,0.08
-11.4,0.081
-11.2,0.082
-11,0.083
-10.8,0.084
-10.6,0.085
-10.4,0.086
-10.2,0.087
-10,0.088
-9.8,0.089
-9.6,0.09
-9.4,0.091
-9.2,0.093
-9,0.094
-8.8,0.095
-8.6,0.096
-8.4,0.097
-8.2,0.098
-8,0.099
-7.8,0.1
-7.6,0.101
-7.4,0.102
-7.2,0.103
-7,0.104
-6.8,0.105
-6.6,0.106
-6.4,0.107
-6.2,0.108
-6,0.109
-5.8,0.11
-5.6,0.111
-5.4,0.112
-5.2,0.113
-5,0.114
-4.8,0.116
-4.6,0.117
-4.4,0.118
-4.2,0.119
-4,0.12
-3.8,0.121
-3.6,0.122
-3.4,0.123
-3.2,0.124
-3,0.125
-2.8,0.126
-2.6,0.127
-2.4,0.128
-2.2,0.129
-2,0.13
-1.8,0.131
-1.6,0.132
-1.4,0.133
-1.2,0.134
-1,0.135
-0.8,0.136
-0.6,0.137
-0.4,0.138
-0.2,0.139
0,0.14
