0 0
0.1 0.07414
0.2 0.27354
0.1 0.04072
0 -0.02275
-0.1 -0.03317
-0.2 -0.03412
-0.1 -0.02914
0 -0.01559
0.1 0.05642
0.2 0.25327
0.3 0.43351
0.3 0.15447
0.2 0.04614
0.1 -0.01119
0 -0.03316
-0.1 -0.0335
-0.2 -0.03636
-0.3 -0.04518
-0.3 -0.03211
-0.2 -0.03163
-0.1 -0.03027
0 -0.02509
0.1 0.0318
0.2 0.13172
0.3 0.34432
0.4 0.4935
0.5 0.60748
0.6 0.66238
0.7 0.70625
0.8 0.74322
0.9 0.70992
0.8 0.48411
0.7 0.27386
0.6 0.14093
0.5 0.0633
0.4 0.017
0.3 -0.01784
0.2 -0.03301
0.1 -0.03334
0 -0.03696
-0.1 -0.04387
-0.2 -0.05999
-0.3 -0.08473
-0.4 -0.1382
-0.5 -0.21036
-0.6 -0.30668
-0.7 -0.41537
-0.8 -0.51311
-0.9 -0.55176
-0.8 -0.289
-0.7 -0.0918
-0.6 -0.03609
-0.5 -0.03183
-0.4 -0.03116
-0.3 -0.02964
-0.2 -0.02346
-0.1 0.00683
0 0.04884
0.1 0.11148
0.2 0.20263
0.3 0.28295
0.4 0.35789
0.5 0.42985
0.6 0.50341
0.7 0.58016
0.8 0.6623
0.9 0.74537
1 0.79188
1.1 0.82066
1.2 0.84432
1.3 0.84391
1.2 0.45746
1.1 0.2873
1 0.1743
0.9 0.10427
0.8 0.04661
0.7 0.01618
0.6 -0.0064
0.5 -0.02683
0.4 -0.03425
0.3 -0.03754
0.2 -0.04333
0.1 -0.05331
0 -0.06458
-0.1 -0.08371
-0.2 -0.121
-0.3 -0.15996
-0.4 -0.20305
-0.5 -0.25643
-0.6 -0.32515
-0.7 -0.40947
-0.8 -0.49782
-0.9 -0.58728
-1 -0.64896
-1.1 -0.69767
-1.2 -0.73949
-1.3 -0.76168
-1.2 -0.3703
-1.1 -0.19707
-1 -0.09971
-0.9 -0.0387
-0.8 -0.03236
-0.7 -0.03164
-0.6 -0.03033
-0.5 -0.02713
-0.4 -0.01533
-0.3 0.01748
-0.2 0.04284
-0.1 0.07373
0 0.10962
0.1 0.15052
0.2 0.198
0.3 0.24283
0.4 0.28857
0.5 0.33502
0.6 0.38349
0.7 0.43412
0.8 0.48748
0.9 0.54258
1 0.60114
1.1 0.66333
1.2 0.73108
1.3 0.80174
1.4 0.8546
1.5 0.88432
1.6 0.90712
1.6 0.47262
1.5 0.32396
1.4 0.21883
1.3 0.14091
1.2 0.08719
1.1 0.04903
1 0.02238
0.9 -0.00334
0.8 -0.02237
0.7 -0.03386
0.6 -0.03429
0.5 -0.03674
0.4 -0.04133
0.3 -0.04973
0.2 -0.06081
0.1 -0.08468
0 -0.11358
-0.1 -0.13842
-0.2 -0.16561
-0.3 -0.19502
-0.4 -0.22871
-0.5 -0.26832
-0.6 -0.31747
-0.7 -0.37582
-0.8 -0.43569
-0.9 -0.4916
-1 -0.54865
-1.1 -0.60934
-1.2 -0.67449
-1.3 -0.74559
-1.4 -0.80134
-1.5 -0.83694
-1.6 -0.86782
-1.7 -0.89673
-1.7 -0.67443
-1.6 -0.39757
-1.5 -0.24293
-1.4 -0.1516
-1.3 -0.08237
-1.2 -0.04154
-1.1 -0.03275
-1 -0.03183
-0.9 -0.03062
-0.8 -0.02814
-0.7 -0.01617
-0.6 0.00705
-0.5 0.02921
-0.4 0.04744
-0.3 0.07282
-0.2 0.09448
-0.1 0.11653
0 0.13879
0.1 0.16515
0.2 0.19807
0.3 0.22918
0.4 0.26097
0.5 0.29398
0.6 0.32878
0.7 0.36555
0.8 0.40336
0.9 0.44277
1 0.4845
1.1 0.52825
1.2 0.5751
1.3 0.62509
1.4 0.67717
1.5 0.73365
1.6 0.79328
1.7 0.85378
1.8 0.90494
1.9 0.93408
2 0.95597
2.1 0.97461
2.2 0.99095
2.3 1.00678
2.4 1.02183
2.5 1.03606
2.6 1.05013
2.7 1.06385
2.8 1.0782
2.9 1.09138
3 1.10504
3.1 1.11896
3.2 1.13263
3.3 1.14569
3.4 1.15831
3.4 0.77008
3.3 0.55767
3.2 0.41583
3.1 0.3116
3 0.23254
2.9 0.17126
2.8 0.12203
2.7 0.08585
2.6 0.05944
2.5 0.03431
2.4 0.02101
2.3 3.76E-04
2.2 -0.01395
2.1 -0.02635
2 -0.03304
1.9 -0.03375
1.8 -0.03596
1.7 -0.03963
1.6 -0.04379
1.5 -0.04967
1.4 -0.06246
1.3 -0.07855
1.2 -0.09164
1.1 -0.10358
1 -0.11496
0.9 -0.12607
0.8 -0.13744
0.7 -0.14899
0.6 -0.16127
0.5 -0.17386
0.4 -0.18729
0.3 -0.20138
0.2 -0.21666
0.1 -0.23264
0 -0.24951
-0.1 -0.26768
-0.2 -0.28736
-0.3 -0.30914
-0.4 -0.33279
-0.5 -0.35949
-0.6 -0.3905
-0.7 -0.4256
-0.8 -0.46283
-0.9 -0.4979
-1 -0.5337
-1.1 -0.57147
-1.2 -0.611
-1.3 -0.65284
-1.4 -0.69636
-1.5 -0.74267
-1.6 -0.79037
-1.7 -0.8395
-1.8 -0.88516
-1.9 -0.91404
-2 -0.93881
-2.1 -0.96275
-2.2 -0.98571
-2.3 -1.00761
-2.4 -1.02826
-2.5 -1.04835
-2.6 -1.0686
-2.7 -1.08741
-2.8 -1.10572
-2.9 -1.12481
-3 -1.14311
-3.1 -1.16097
-3.2 -1.17904
-3.3 -1.19586
-3.4 -1.21331
-3.4 -0.77886
-3.3 -0.53274
-3.2 -0.38712
-3.1 -0.28156
-3 -0.2083
-2.9 -0.15354
-2.8 -0.10824
-2.7 -0.07295
-2.6 -0.04711
-2.5 -0.03706
-2.4 -0.0324
-2.3 -0.03141
-2.2 -0.03056
-2.1 -0.02268
-2 -0.01088
-1.9 0.00329
-1.8 0.01906
-1.7 0.03094
-1.6 0.04174
-1.5 0.05314
-1.4 0.06365
-1.3 0.07379
-1.2 0.08162
-1.1 0.08964
-1 0.09801
-0.9 0.10526
-0.8 0.11312
-0.7 0.12144
-0.6 0.12958
-0.5 0.13773
-0.4 0.1459
-0.3 0.15452
-0.2 0.16354
-0.1 0.17261
0 0.18232
0.1 0.19398
0.2 0.20835
0.3 0.22269
0.4 0.23702
0.5 0.25111
0.6 0.26535
0.7 0.28029
0.8 0.29533
0.9 0.31038
1 0.3261
1.1 0.34268
1.2 0.35995
1.3 0.3781
1.4 0.39681
1.5 0.41707
1.6 0.43814
1.7 0.45976
1.8 0.48187
1.9 0.50508
2 0.52957
2.1 0.55515
2.2 0.5823
2.3 0.61161
2.4 0.6423
2.5 0.67465
2.6 0.70911
2.7 0.74565
2.8 0.78427
2.9 0.82465
3 0.8661
3.1 0.90827
3.2 0.95111
3.3 0.9934
3.4 1.03428
3.4 0.70302
3.3 0.5079
3.2 0.38004
3.1 0.2855
3 0.21506
2.9 0.16158
2.8 0.119
2.7 0.08614
2.6 0.06245
2.5 0.04122
2.4 0.02856
2.3 0.01005
2.2 -0.00363
2.1 -0.01637
2 -0.02806
1.9 -0.03281
1.8 -0.03352
1.7 -0.03392
1.6 -0.03784
1.5 -0.03987
1.4 -0.0457
1.3 -0.05573
1.2 -0.06526
1.1 -0.07566
1 -0.08496
0.9 -0.09377
0.8 -0.10221
0.7 -0.1108
0.6 -0.11933
0.5 -0.12849
0.4 -0.13759
0.3 -0.14671
0.2 -0.15656
0.1 -0.16681
0 -0.17697
-0.1 -0.18782
-0.2 -0.19903
-0.3 -0.21031
-0.4 -0.2225
-0.5 -0.23583
-0.6 -0.25127
-0.7 -0.2683
-0.8 -0.28567
-0.9 -0.30259
-1 -0.32003
-1.1 -0.33834
-1.2 -0.35726
-1.3 -0.37743
-1.4 -0.39802
-1.5 -0.41949
-1.6 -0.44243
-1.7 -0.46676
-1.8 -0.49157
-1.9 -0.51669
-2 -0.54346
-2.1 -0.57141
-2.2 -0.60056
-2.3 -0.63133
-2.4 -0.66318
-2.5 -0.69662
-2.6 -0.7326
-2.7 -0.77101
-2.8 -0.8115
-2.9 -0.85448
-3 -0.89974
-3.1 -0.94674
-3.2 -0.9953
-3.3 -1.04564
-3.4 -1.09557
-3.4 -0.70431
-3.3 -0.47802
-3.2 -0.34288
-3.1 -0.24946
-3 -0.1855
-2.9 -0.13697
-2.8 -0.09737
-2.7 -0.06731
-2.6 -0.04608
-2.5 -0.0365
-2.4 -0.03257
-2.3 -0.0314
-2.2 -0.02914
-2.1 -0.02022
-2 -0.01028
-1.9 0.0027
-1.8 0.01638
-1.7 0.02775
-1.6 0.03743
-1.5 0.04696
-1.4 0.05625
-1.3 0.06476
-1.2 0.07307
-1.1 0.07978
-1 0.08728
-0.9 0.09439
-0.8 0.1014
-0.7 0.10837
-0.6 0.11568
-0.5 0.12245
-0.4 0.12972
-0.3 0.13715
-0.2 0.14458
-0.1 0.15259
0 0.16076
0.1 0.17093
0.2 0.18302
0.3 0.19479
0.4 0.20687
0.5 0.21882
0.6 0.23123
0.7 0.24406
0.8 0.25686
0.9 0.27032
1 0.28408
1.1 0.29864
1.2 0.31372
1.3 0.3295
1.4 0.346
1.5 0.36352
1.6 0.38176
1.7 0.40137
1.8 0.42168
1.9 0.44253
2 0.46462
2.1 0.48852
2.2 0.51397
2.3 0.54168
2.4 0.57078
2.5 0.60171
2.6 0.63495
2.7 0.67066
2.8 0.70889
2.9 0.74897
3 0.79178
3.1 0.83635
3.2 0.88183
3.3 0.9283
3.4 0.97597
3.4 0.64298
3.3 0.46028
3.2 0.34164
3.1 0.25614
3 0.19269
2.9 0.14444
2.8 0.10686
2.7 0.07961
2.6 0.05686
2.5 0.03607
2.4 0.02574
2.3 0.00753
2.2 -0.0053
2.1 -0.01685
2 -0.02689
1.9 -0.03219
1.8 -0.03361
1.7 -0.03433
1.6 -0.0385
1.5 -0.03994
1.4 -0.04523
1.3 -0.05315
1.2 -0.06217
1.1 -0.07147
1 -0.08002
0.9 -0.08797
0.8 -0.09592
0.7 -0.10371
0.6 -0.11152
0.5 -0.1197
0.4 -0.12799
0.3 -0.13639
0.2 -0.14506
0.1 -0.15418
0 -0.16337
-0.1 -0.17294
-0.2 -0.18289
-0.3 -0.19321
-0.4 -0.20414
-0.5 -0.21575
-0.6 -0.22919
-0.7 -0.24409
-0.8 -0.25942
-0.9 -0.27422
-1 -0.28919
-1.1 -0.30495
-1.2 -0.32153
-1.3 -0.33839
-1.4 -0.35649
-1.5 -0.37539
-1.6 -0.39592
-1.7 -0.41736
-1.8 -0.4398
-1.9 -0.46265
-2 -0.4871
-2.1 -0.51281
-2.2 -0.53979
-2.3 -0.56852
-2.4 -0.59895
-2.5 -0.63076
-2.6 -0.66497
-2.7 -0.702
-2.8 -0.74182
-2.9 -0.78351
-3 -0.82829
-3.1 -0.87526
-3.2 -0.92582
-3.3 -0.97939
-3.4 -1.03533
-3.4 -0.67577
-3.3 -0.45698
-3.2 -0.32813
-3.1 -0.23842
-3 -0.17777
-2.9 -0.13029
-2.8 -0.09221
-2.7 -0.06435
-2.6 -0.04596
-2.5 -0.03666
-2.4 -0.03249
-2.3 -0.03126
-2.2 -0.02699
-2.1 -0.01862
-2 -0.0086
-1.9 0.00329
-1.8 0.01606
-1.7 0.02644
-1.6 0.03588
-1.5 0.04528
-1.4 0.05399
-1.3 0.06144
-1.2 0.06956
-1.1 0.07592
-1 0.08233
-0.9 0.08922
-0.8 0.0958
-0.7 0.10253
-0.6 0.10889
-0.5 0.11517
-0.4 0.12189
-0.3 0.12861
-0.2 0.13543
-0.1 0.14261
0 0.15025
0.1 0.15966
0.2 0.17086
0.3 0.18128
0.4 0.19184
0.5 0.20296
0.6 0.21415
0.7 0.22585
0.8 0.2378
0.9 0.25014
1 0.26298
1.1 0.27619
1.2 0.28981
1.3 0.30411
1.4 0.31909
1.5 0.33519
1.6 0.35168
1.7 0.36945
1.8 0.38819
1.9 0.40757
2 0.42856
2.1 0.45137
2.2 0.47566
2.3 0.50194
2.4 0.5296
2.5 0.55971
2.6 0.59133
2.7 0.6252
2.8 0.66169
2.9 0.70056
3 0.7419
3.1 0.78577
3.2 0.83214
3.3 0.88098
3.4 0.93213
3.5 0.9851
3.6 1.02865
3.7 1.06156
3.8 1.08887
3.9 1.11257
4 1.13278
4.1 1.15136
4.2 1.1695
4.3 1.1861
4.4 1.20242
4.5 1.21697
4.6 1.23131
4.7 1.24564
4.8 1.25886
4.9 1.27112
5 1.28254
5.1 1.2936
5.2 1.30495
5.3 1.31354
5.4 1.3168
5.5 1.32336
5.6 1.33124
5.7 1.33904
5.8 1.34655
5.9 1.3545
6 1.36301
6.1 1.3704
6.2 1.37809
6.3 1.38516
6.4 1.39248
6.5 1.40034
6.6 1.40867
6.7 1.41657
6.8 1.42412
6.9 1.43091
7 1.2891
6.9 0.99115
6.8 0.75957
6.7 0.59512
6.6 0.47265
6.5 0.37811
6.4 0.30345
6.3 0.24394
6.2 0.19572
6.1 0.15642
6 0.12406
5.9 0.09734
5.8 0.07658
5.7 0.05955
5.6 0.04277
5.5 0.02881
5.4 0.01752
5.3 0.00883
5.2 -0.00327
5.1 -0.01413
5 -0.02156
4.9 -0.02708
4.8 -0.03018
4.7 -0.03256
4.6 -0.03494
4.5 -0.03853
4.4 -0.04067
4.3 -0.04472
4.2 -0.05013
4.1 -0.05542
4 -0.06301
3.9 -0.06936
3.8 -0.07435
3.7 -0.07966
3.6 -0.08496
3.5 -0.08976
3.4 -0.09419
3.3 -0.09891
3.2 -0.10331
3.1 -0.10753
3 -0.11199
2.9 -0.11629
2.8 -0.12036
2.7 -0.12436
2.6 -0.12861
2.5 -0.13303
2.4 -0.13746
2.3 -0.14201
2.2 -0.1464
2.1 -0.15069
2 -0.15496
1.9 -0.15925
1.8 -0.1637
1.7 -0.16781
1.6 -0.17194
1.5 -0.1765
1.4 -0.18128
1.3 -0.18605
1.2 -0.19057
1.1 -0.19546
1 -0.20063
0.9 -0.20581
0.8 -0.21089
0.7 -0.21581
0.6 -0.22114
0.5 -0.22621
0.4 -0.23147
0.3 -0.23711
0.2 -0.24252
0.1 -0.24813
0 -0.25413
-0.1 -0.26044
-0.2 -0.2669
-0.3 -0.2737
-0.4 -0.28056
-0.5 -0.28801
-0.6 -0.29609
-0.7 -0.30439
-0.8 -0.31335
-0.9 -0.32273
-1 -0.33237
-1.1 -0.34276
-1.2 -0.35365
-1.3 -0.36506
-1.4 -0.37714
-1.5 -0.39
-1.6 -0.40328
-1.7 -0.41769
-1.8 -0.43313
-1.9 -0.44911
-2 -0.46644
-2.1 -0.48466
-2.2 -0.50427
-2.3 -0.52558
-2.4 -0.54885
-2.5 -0.57345
-2.6 -0.60008
-2.7 -0.62867
-2.8 -0.65881
-2.9 -0.6914
-3 -0.72536
-3.1 -0.76114
-3.2 -0.79772
-3.3 -0.83565
-3.4 -0.87356
-3.5 -0.91231
-3.6 -0.94415
-3.7 -0.97192
-3.8 -0.99768
-3.9 -1.02175
-4 -1.04528
-4.1 -1.06662
-4.2 -1.08826
-4.3 -1.10862
-4.4 -1.12941
-4.5 -1.14916
-4.6 -1.16749
-4.7 -1.18553
-4.8 -1.20364
-4.9 -1.22092
-5 -1.23797
-5.1 -1.25408
-5.2 -1.2697
-5.3 -1.28546
-5.4 -1.30063
-5.5 -1.31609
-5.6 -1.33143
-5.7 -1.34644
-5.8 -1.36119
-5.9 -1.37569
-6 -1.38912
-6.1 -1.40134
-6.2 -1.41367
-6.3 -1.42614
-6.4 -1.43805
-6.5 -1.44968
-6.6 -1.45922
-6.7 -1.4688
-6.8 -1.47887
-6.9 -1.48839
-7 -1.40871
-6.9 -1.01499
-6.8 -0.73828
-6.7 -0.56535
-6.6 -0.44779
-6.5 -0.35732
-6.4 -0.28756
-6.3 -0.23303
-6.2 -0.18921
-6.1 -0.15549
-6 -0.12506
-5.9 -0.0991
-5.8 -0.07771
-5.7 -0.05817
-5.6 -0.04318
-5.5 -0.03473
-5.4 -0.03244
-5.3 -0.03164
-5.2 -0.03061
-5.1 -0.02648
-5 -0.01965
-4.9 -0.01316
-4.8 -0.00198
-4.7 0.00843
-4.6 0.01663
-4.5 0.02478
-4.4 0.03279
-4.3 0.03956
-4.2 0.04566
-4.1 0.05092
-4 0.05635
-3.9 0.06116
-3.8 0.0652
-3.7 0.06987
-3.6 0.07429
-3.5 0.07865
-3.4 0.08289
-3.3 0.08697
-3.2 0.09091
-3.1 0.0947
-3 0.09806
-2.9 0.10173
-2.8 0.10527
-2.7 0.10846
-2.6 0.11201
-2.5 0.11537
-2.4 0.11864
-2.3 0.12177
-2.2 0.12504
-2.1 0.12821
-2 0.13142
-1.9 0.13447
-1.8 0.13744
-1.7 0.14104
-1.6 0.14464
-1.5 0.1479
-1.4 0.15164
-1.3 0.15528
-1.2 0.15854
-1.1 0.16214
-1 0.16576
-0.9 0.17027
-0.8 0.1742
-0.7 0.17859
-0.6 0.18287
-0.5 0.18703
-0.4 0.1913
-0.3 0.19553
-0.2 0.19971
-0.1 0.20398
0 0.20811
0.1 0.21217
0.2 0.21643
0.3 0.22081
0.4 0.225
0.5 0.22959
0.6 0.23414
0.7 0.23876
0.8 0.2427
0.9 0.24677
1 0.25061
1.1 0.25503
1.2 0.25943
1.3 0.26366
1.4 0.26797
1.5 0.27207
1.6 0.27623
1.7 0.2806
1.8 0.28527
1.9 0.28974
2 0.2943
2.1 0.29901
2.2 0.30371
2.3 0.30887
2.4 0.31414
2.5 0.31965
2.6 0.32543
2.7 0.3312
2.8 0.3374
2.9 0.34329
3 0.34968
3.1 0.35648
3.2 0.36354
3.3 0.37138
3.4 0.37964
3.5 0.38826
3.6 0.39719
3.7 0.40663
3.8 0.41646
3.9 0.42711
4 0.43799
4.1 0.4499
4.2 0.46256
4.3 0.4756
4.4 0.48978
4.5 0.5053
4.6 0.52137
4.7 0.5384
4.8 0.55623
4.9 0.5753
5 0.59579
5.1 0.61736
5.2 0.6405
5.3 0.6645
5.4 0.69039
5.5 0.71726
5.6 0.74556
5.7 0.77502
5.8 0.80627
5.9 0.83831
6 0.87193
6.1 0.90634
6.2 0.94046
6.3 0.97408
6.4 1.00755
6.5 1.0401
6.6 1.07195
6.7 1.10218
6.8 1.13041
6.9 1.15729
7 0.88592
6.9 0.70777
6.8 0.53246
6.7 0.41604
6.6 0.33202
6.5 0.26822
6.4 0.21835
6.3 0.17877
6.2 0.14699
6.1 0.1205
6 0.0985
5.9 0.07957
5.8 0.063
5.7 0.05028
5.6 0.04091
5.5 0.03006
5.4 0.02111
5.3 0.01229
5.2 0.00344
5.1 -0.00501
5 -0.01277
4.9 -0.01982
4.8 -0.02626
4.7 -0.02946
4.6 -0.03101
4.5 -0.03213
4.4 -0.03247
4.3 -0.03324
4.2 -0.03724
4.1 -0.04247
4 -0.04621
3.9 -0.04998
3.8 -0.05532
3.7 -0.05956
3.6 -0.06329
3.5 -0.06752
3.4 -0.07157
3.3 -0.07553
3.2 -0.07939
3.1 -0.08307
3 -0.08681
2.9 -0.0904
2.8 -0.09386
2.7 -0.0974
2.6 -0.10105
2.5 -0.10458
2.4 -0.10805
2.3 -0.1116
2.2 -0.11507
2.1 -0.11838
2 -0.12166
1.9 -0.12495
1.8 -0.12831
1.7 -0.1314
1.6 -0.13473
1.5 -0.13808
1.4 -0.14143
1.3 -0.14469
1.2 -0.14813
1.1 -0.15155
1 -0.15468
0.9 -0.15794
0.8 -0.16125
0.7 -0.16452
0.6 -0.16794
0.5 -0.17133
0.4 -0.17493
0.3 -0.17819
0.2 -0.18146
0.1 -0.18505
0 -0.18844
-0.1 -0.1921
-0.2 -0.1958
-0.3 -0.19946
-0.4 -0.20323
-0.5 -0.20691
-0.6 -0.21049
-0.7 -0.21424
-0.8 -0.21785
-0.9 -0.22162
-1 -0.22537
-1.1 -0.22912
-1.2 -0.23312
-1.3 -0.23701
-1.4 -0.24075
-1.5 -0.24512
-1.6 -0.24911
-1.7 -0.25341
-1.8 -0.25775
-1.9 -0.26231
-2 -0.26677
-2.1 -0.27141
-2.2 -0.27599
-2.3 -0.28101
-2.4 -0.28588
-2.5 -0.29086
-2.6 -0.29622
-2.7 -0.30139
-2.8 -0.30679
-2.9 -0.31272
-3 -0.31899
-3.1 -0.32551
-3.2 -0.3326
-3.3 -0.34017
-3.4 -0.34849
-3.5 -0.357
-3.6 -0.36607
-3.7 -0.37578
-3.8 -0.38591
-3.9 -0.39695
-4 -0.40898
-4.1 -0.42131
-4.2 -0.43502
-4.3 -0.4496
-4.4 -0.46491
-4.5 -0.48198
-4.6 -0.49956
-4.7 -0.51852
-4.8 -0.53853
-4.9 -0.55974
-5 -0.58173
-5.1 -0.605
-5.2 -0.62996
-5.3 -0.65685
-5.4 -0.68517
-5.5 -0.71567
-5.6 -0.7478
-5.7 -0.78138
-5.8 -0.81699
-5.9 -0.85421
-6 -0.89275
-6.1 -0.93303
-6.2 -0.97442
-6.3 -1.01644
-6.4 -1.0594
-6.5 -1.10176
-6.6 -1.14416
-6.7 -1.18586
-6.8 -1.22589
-6.9 -1.26383
-7 -1.23114
-6.9 -0.86481
-6.8 -0.63575
-6.7 -0.49474
-6.6 -0.39153
-6.5 -0.31464
-6.4 -0.25488
-6.3 -0.20757
-6.2 -0.16966
-6.1 -0.14018
-6 -0.11356
-5.9 -0.09139
-5.8 -0.07166
-5.7 -0.05456
-5.6 -0.04067
-5.5 -0.03443
-5.4 -0.03231
-5.3 -0.03117
-5.2 -0.03076
-5.1 -0.02728
-5 -0.02116
-4.9 -0.01464
-4.8 -0.00328
-4.7 0.00659
-4.6 0.01386
-4.5 0.02021
-4.4 0.02786
-4.3 0.0346
-4.2 0.0404
-4.1 0.04566
-4 0.05079
-3.9 0.05541
-3.8 0.05948
-3.7 0.06304
-3.6 0.06685
-3.5 0.07077
-3.4 0.07458
-3.3 0.07797
-3.2 0.08156
-3.1 0.08498
-3 0.08827
-2.9 0.09171
-2.8 0.0949
-2.7 0.09828
-2.6 0.10122
-2.5 0.10438
-2.4 0.1074
-2.3 0.11042
-2.2 0.11336
-2.1 0.11634
-2 0.11888
-1.9 0.12189
-1.8 0.12478
-1.7 0.12767
-1.6 0.13099
-1.5 0.13427
-1.4 0.13745
-1.3 0.14086
-1.2 0.14432
-1.1 0.14755
-1 0.15087
-0.9 0.15445
-0.8 0.15783
-0.7 0.16145
-0.6 0.16507
-0.5 0.16882
-0.4 0.1723
-0.3 0.17624
-0.2 0.17978
-0.1 0.18345
0 0.18699
0.1 0.19047
0.2 0.19387
0.3 0.19738
0.4 0.20112
0.5 0.2049
0.6 0.20842
0.7 0.21204
0.8 0.2155
0.9 0.2192
1 0.22249
1.1 0.22548
1.2 0.22861
1.3 0.23192
1.4 0.23522
1.5 0.23837
1.6 0.24161
1.7 0.24512
1.8 0.24846
1.9 0.25196
2 0.25549
2.1 0.25912
2.2 0.26278
2.3 0.26671
2.4 0.2704
2.5 0.27413
2.6 0.27817
2.7 0.28239
2.8 0.28667
2.9 0.29112
3 0.29592
3.1 0.30073
3.2 0.30574
3.3 0.31088
3.4 0.31619
3.5 0.32195
3.6 0.32809
3.7 0.33454
3.8 0.34128
3.9 0.34856
4 0.35637
4.1 0.36494
4.2 0.37394
4.3 0.38379
4.4 0.3938
4.5 0.40511
4.6 0.41687
4.7 0.42952
4.8 0.44291
4.9 0.45744
5 0.47274
5.1 0.48919
5.2 0.5072
5.3 0.52652
5.4 0.54749
5.5 0.57014
5.6 0.59423
5.7 0.62073
5.8 0.64887
5.9 0.67848
6 0.71005
6.1 0.74383
6.2 0.77917
6.3 0.81621
6.4 0.85443
6.5 0.89421
6.6 0.93485
6.7 0.97417
6.8 1.01296
6.9 1.05032
7 1.02833
6.9 0.75544
6.8 0.58385
6.7 0.46287
6.6 0.37191
6.5 0.3014
6.4 0.24579
6.3 0.2014
6.2 0.16563
6.1 0.13623
6 0.1123
5.9 0.09202
5.8 0.07426
5.7 0.05878
5.6 0.04763
5.5 0.038
5.4 0.02847
5.3 0.0196
5.2 0.01159
5.1 0.00333
5 -0.00439
4.9 -0.01179
4.8 -0.01829
4.7 -0.02415
4.6 -0.02851
4.5 -0.03016
4.4 -0.03159
4.3 -0.0323
4.2 -0.03275
4.1 -0.03492
4 -0.03964
3.9 -0.04283
3.8 -0.04627
3.7 -0.04989
3.6 -0.05407
3.5 -0.05816
3.4 -0.06157
3.3 -0.06534
3.2 -0.06916
3.1 -0.07286
3 -0.07616
2.9 -0.07977
2.8 -0.08301
2.7 -0.08649
2.6 -0.0896
2.5 -0.09306
2.4 -0.09635
2.3 -0.0995
2.2 -0.10274
2.1 -0.10577
2 -0.10881
1.9 -0.11203
1.8 -0.115
1.7 -0.11802
1.6 -0.12111
1.5 -0.12406
1.4 -0.12692
1.3 -0.12999
1.2 -0.13305
1.1 -0.13607
1 -0.13912
0.9 -0.14208
0.8 -0.14488
0.7 -0.14802
0.6 -0.15109
0.5 -0.15397
0.4 -0.15703
0.3 -0.16016
0.2 -0.1631
0.1 -0.16609
0 -0.16911
-0.1 -0.17217
-0.2 -0.17538
-0.3 -0.17855
-0.4 -0.18178
-0.5 -0.18504
-0.6 -0.18809
-0.7 -0.19127
-0.8 -0.19444
-0.9 -0.19797
-1 -0.20098
-1.1 -0.20425
-1.2 -0.20752
-1.3 -0.21074
-1.4 -0.21382
-1.5 -0.21737
-1.6 -0.22057
-1.7 -0.22392
-1.8 -0.22727
-1.9 -0.23106
-2 -0.23464
-2.1 -0.23842
-2.2 -0.24216
-2.3 -0.24597
-2.4 -0.25004
-2.5 -0.254
-2.6 -0.25838
-2.7 -0.26269
-2.8 -0.26711
-2.9 -0.27175
-3 -0.27663
-3.1 -0.28194
-3.2 -0.28767
-3.3 -0.29398
-3.4 -0.3005
-3.5 -0.3072
-3.6 -0.3144
-3.7 -0.32197
-3.8 -0.33005
-3.9 -0.33856
-4 -0.34766
-4.1 -0.35702
-4.2 -0.36737
-4.3 -0.37834
-4.4 -0.39024
-4.5 -0.40309
-4.6 -0.41702
-4.7 -0.43204
-4.8 -0.44811
-4.9 -0.46511
-5 -0.48293
-5.1 -0.50274
-5.2 -0.52421
-5.3 -0.54716
-5.4 -0.57113
-5.5 -0.59703
-5.6 -0.62441
-5.7 -0.65464
-5.8 -0.68644
-5.9 -0.71971
-6 -0.75515
-6.1 -0.79292
-6.2 -0.8323
-6.3 -0.87406
-6.4 -0.91758
-6.5 -0.96267
-6.6 -1.00913
-6.7 -1.05592
-6.8 -1.10253
-6.9 -1.14872
-7 -1.13744
-6.9 -0.79965
-6.8 -0.58904
-6.7 -0.45929
-6.6 -0.36371
-6.5 -0.29168
-6.4 -0.23644
-6.3 -0.19325
-6.2 -0.15858
-6.1 -0.13114
-6 -0.10634
-5.9 -0.08615
-5.8 -0.06749
-5.7 -0.05188
-5.6 -0.03977
-5.5 -0.03421
-5.4 -0.03251
-5.3 -0.03117
-5.2 -0.03086
-5.1 -0.0262
-5 -0.02057
-4.9 -0.01395
-4.8 -0.00339
-4.7 0.00547
-4.6 0.01289
-4.5 0.01859
-4.4 0.02521
-4.3 0.03189
-4.2 0.03742
-4.1 0.04249
-4 0.04712
-3.9 0.05167
-3.8 0.05604
-3.7 0.05954
-3.6 0.06248
-3.5 0.06609
-3.4 0.06921
-3.3 0.0727
-3.2 0.07596
-3.1 0.07938
-3 0.08259
-2.9 0.08575
-2.8 0.08878
-2.7 0.0919
-2.6 0.09476
-2.5 0.0978
-2.4 0.10076
-2.3 0.10369
-2.2 0.10642
-2.1 0.1092
-2 0.11196
-1.9 0.11466
-1.8 0.11753
-1.7 0.12072
-1.6 0.12365
-1.5 0.12678
-1.4 0.12968
-1.3 0.13294
-1.2 0.13614
-1.1 0.13942
-1 0.14295
-0.9 0.14647
-0.8 0.14952
-0.7 0.15313
-0.6 0.15655
-0.5 0.15998
-0.4 0.16326
-0.3 0.16685
-0.2 0.17013
-0.1 0.1734
0 0.17687
0.1 0.18018
0.2 0.18369
0.3 0.18746
0.4 0.19071
0.5 0.19437
0.6 0.19794
0.7 0.2011
0.8 0.2042
0.9 0.2074
1 0.21037
1.1 0.2131
1.2 0.21601
1.3 0.21891
1.4 0.2221
1.5 0.22552
1.6 0.22857
1.7 0.23176
1.8 0.23486
1.9 0.238
2 0.24115
2.1 0.24457
2.2 0.24784
2.3 0.2513
2.4 0.25486
2.5 0.25864
2.6 0.26208
2.7 0.26593
2.8 0.26984
2.9 0.27385
3 0.27804
3.1 0.28251
3.2 0.28685
3.3 0.29138
3.4 0.29625
3.5 0.30135
3.6 0.30661
3.7 0.31259
3.8 0.31851
3.9 0.32488
4 0.33194
4.1 0.33899
4.2 0.34685
4.3 0.35476
4.4 0.36371
4.5 0.37315
4.6 0.38335
4.7 0.39426
4.8 0.40595
4.9 0.41865
5 0.43217
5.1 0.44674
5.2 0.46232
5.3 0.47972
5.4 0.49839
5.5 0.51845
5.6 0.54032
5.7 0.56439
5.8 0.59038
5.9 0.61811
6 0.64789
6.1 0.68005
6.2 0.7138
6.3 0.75018
6.4 0.78829
6.5 0.82824
6.6 0.86949
6.7 0.91217
6.8 0.95374
6.9 0.99523
7 1.03679
7.1 1.07371
7.2 1.10431
7.3 1.13096
7.4 1.15423
7.5 1.1748
7.6 1.19364
7.7 1.21117
7.8 1.22805
7.9 1.24381
8 1.25871
8.1 1.27231
8.2 1.28477
8.3 1.29713
8.4 1.30933
8.5 1.32021
8.6 1.3301
8.7 1.33988
8.8 1.34909
8.9 1.35835
9 1.36682
9.1 1.37486
9.2 1.38261
9.3 1.38968
9.4 1.39608
9.5 1.40255
9.6 1.40838
9.7 1.41416
9.8 1.41972
9.9 1.42517
10 1.43005
10.1 1.43422
10.2 1.43877
10.3 1.44368
10.4 1.44748
10.5 1.13986
10.4 0.93783
10.3 0.73231
10.2 0.58462
10.1 0.47468
10 0.39107
9.9 0.32472
9.8 0.27044
9.7 0.22577
9.6 0.18792
9.5 0.15587
9.4 0.12907
9.3 0.10595
9.2 0.08608
9.1 0.06866
9 0.05477
8.9 0.04272
8.8 0.03365
8.7 0.0261
8.6 0.0156
8.5 0.00547
8.4 -0.00208
8.3 -0.0097
8.2 -0.01689
8.1 -0.02167
8 -0.0256
7.9 -0.02902
7.8 -0.03119
7.7 -0.03221
7.6 -0.03305
7.5 -0.03721
7.4 -0.03988
7.3 -0.04465
7.2 -0.04835
7.1 -0.05229
7 -0.05753
6.9 -0.06192
6.8 -0.06582
6.7 -0.06978
6.6 -0.07381
6.5 -0.07775
6.4 -0.08134
6.3 -0.08464
6.2 -0.08815
6.1 -0.09131
6 -0.09442
5.9 -0.09729
5.8 -0.10015
5.7 -0.10284
5.6 -0.10567
5.5 -0.10824
5.4 -0.11086
5.3 -0.11335
5.2 -0.11578
5.1 -0.11838
5 -0.12086
4.9 -0.1232
4.8 -0.12536
4.7 -0.1277
4.6 -0.12999
4.5 -0.13222
4.4 -0.13438
4.3 -0.13639
4.2 -0.13869
4.1 -0.14086
4 -0.1427
3.9 -0.14471
3.8 -0.14643
3.7 -0.14855
3.6 -0.15026
3.5 -0.15235
3.4 -0.15402
3.3 -0.15586
3.2 -0.15766
3.1 -0.15953
3 -0.16119
2.9 -0.16296
2.8 -0.16482
2.7 -0.16636
2.6 -0.16809
2.5 -0.17003
2.4 -0.17171
2.3 -0.17355
2.2 -0.17538
2.1 -0.17716
2 -0.17887
1.9 -0.18086
1.8 -0.18266
1.7 -0.18436
1.6 -0.18605
1.5 -0.18821
1.4 -0.1898
1.3 -0.1917
1.2 -0.19363
1.1 -0.19526
1 -0.19719
0.9 -0.19912
0.8 -0.20102
0.7 -0.20282
0.6 -0.20455
0.5 -0.20635
0.4 -0.20811
0.3 -0.20988
0.2 -0.2117
0.1 -0.21371
0 -0.21553
-0.1 -0.21729
-0.2 -0.21936
-0.3 -0.22138
-0.4 -0.22349
-0.5 -0.2257
-0.6 -0.22795
-0.7 -0.23021
-0.8 -0.23259
-0.9 -0.23508
-1 -0.23752
-1.1 -0.23988
-1.2 -0.24221
-1.3 -0.24509
-1.4 -0.24749
-1.5 -0.25005
-1.6 -0.25277
-1.7 -0.25581
-1.8 -0.25851
-1.9 -0.26128
-2 -0.26425
-2.1 -0.26727
-2.2 -0.27051
-2.3 -0.27357
-2.4 -0.27677
-2.5 -0.28008
-2.6 -0.28327
-2.7 -0.28678
-2.8 -0.28997
-2.9 -0.2935
-3 -0.29726
-3.1 -0.30129
-3.2 -0.30511
-3.3 -0.30949
-3.4 -0.31388
-3.5 -0.3183
-3.6 -0.32316
-3.7 -0.3279
-3.8 -0.33299
-3.9 -0.33837
-4 -0.34415
-4.1 -0.35026
-4.2 -0.35659
-4.3 -0.3635
-4.4 -0.37082
-4.5 -0.37853
-4.6 -0.38652
-4.7 -0.39519
-4.8 -0.4042
-4.9 -0.41392
-5 -0.42425
-5.1 -0.43525
-5.2 -0.44713
-5.3 -0.45996
-5.4 -0.47374
-5.5 -0.48835
-5.6 -0.50364
-5.7 -0.52038
-5.8 -0.5388
-5.9 -0.55827
-6 -0.57945
-6.1 -0.60228
-6.2 -0.62611
-6.3 -0.65232
-6.4 -0.67976
-6.5 -0.70855
-6.6 -0.73858
-6.7 -0.75188
-6.8 -0.77882
-6.9 -0.8078
-7 -0.83798
-7.1 -0.86539
-7.2 -0.89083
-7.3 -0.91514
-7.4 -0.9377
-7.5 -0.95961
-7.6 -0.97955
-7.7 -0.99817
-7.8 -1.01534
-7.9 -1.03191
-8 -1.04841
-8.1 -1.06233
-8.2 -1.07426
-8.3 -1.08852
-8.4 -1.1032
-8.5 -1.11774
-8.6 -1.13174
-8.7 -1.14553
-8.8 -1.15828
-8.9 -1.16993
-9 -1.18243
-9.1 -1.19347
-9.2 -1.20548
-9.3 -1.21612
-9.4 -1.22622
-9.5 -1.12746
-9.6 -1.13016
-9.7 -1.14007
-9.8 -1.14909
-9.9 -1.157
-10 -1.16492
-10.1 -1.17178
-10.2 -1.17887
-10.3 -1.18579
-10.4 -1.19151
-10.5 -1.116
-10.4 -0.82847
-10.3 -0.64105
-10.2 -0.51112
-10.1 -0.41645
-10 -0.3416
-9.9 -0.2826
-9.8 -0.23515
-9.7 -0.19656
-9.6 -0.16422
-9.5 -0.13721
-9.4 -0.11524
-9.3 -0.0943
-9.2 -0.07791
-9.1 -0.0628
-9 -0.05134
-8.9 -0.04193
-8.8 -0.0362
-8.7 -0.03244
-8.6 -0.03108
-8.5 -0.02808
-8.4 -0.02417
-8.3 -0.01792
-8.2 -0.01075
-8.1 -0.00515
-8 0.00103
-7.9 0.00923
-7.8 0.0164
-7.7 0.02235
-7.6 0.02756
-7.5 0.03274
-7.4 0.03753
-7.3 0.04169
-7.2 0.04553
-7.1 0.04888
-7 0.05256
-6.9 0.05552
-6.8 0.05838
-6.7 0.0611
-6.6 0.06421
-6.5 0.06686
-6.4 0.06935
-6.3 0.07206
-6.2 0.07461
-6.1 0.07735
-6 0.08001
-5.9 0.08232
-5.8 0.08481
-5.7 0.08679
-5.6 0.08912
-5.5 0.09112
-5.4 0.09347
-5.3 0.09572
-5.2 0.09779
-5.1 0.10012
-5 0.10212
-4.9 0.10362
-4.8 0.10545
-4.7 0.10714
-4.6 0.10874
-4.5 0.11031
-4.4 0.11194
-4.3 0.11351
-4.2 0.11516
-4.1 0.11712
-4 0.11884
-3.9 0.12023
-3.8 0.12187
-3.7 0.1233
-3.6 0.12486
-3.5 0.12603
-3.4 0.12739
-3.3 0.12854
-3.2 0.12997
-3.1 0.13121
-3 0.13259
-2.9 0.13375
-2.8 0.13529
-2.7 0.13617
-2.6 0.13762
-2.5 0.13853
-2.4 0.13972
-2.3 0.14087
-2.2 0.14216
-2.1 0.14383
-2 0.14514
-1.9 0.14655
-1.8 0.14771
-1.7 0.14883
-1.6 0.15069
-1.5 0.15187
-1.4 0.15345
-1.3 0.15493
-1.2 0.15647
-1.1 0.15824
-1 0.15984
-0.9 0.16144
-0.8 0.16276
-0.7 0.16449
-0.6 0.16612
-0.5 0.16772
-0.4 0.16908
-0.3 0.17051
-0.2 0.17197
-0.1 0.17361
0 0.17534
0.1 0.17708
0.2 0.17871
0.3 0.18046
0.4 0.18228
0.5 0.18428
0.6 0.18612
0.7 0.18806
0.8 0.18996
0.9 0.19207
1 0.19384
1.1 0.19579
1.2 0.19745
1.3 0.19911
1.4 0.20066
1.5 0.20203
1.6 0.20324
1.7 0.20443
1.8 0.20577
1.9 0.20688
2 0.20825
2.1 0.20957
2.2 0.21076
2.3 0.2118
2.4 0.21338
2.5 0.21456
2.6 0.21591
2.7 0.21726
2.8 0.21863
2.9 0.22004
3 0.22153
3.1 0.2231
3.2 0.2246
3.3 0.22611
3.4 0.22771
3.5 0.22917
3.6 0.2309
3.7 0.23251
3.8 0.23444
3.9 0.23616
4 0.23823
4.1 0.24009
4.2 0.2422
4.3 0.24442
4.4 0.24683
4.5 0.24928
4.6 0.25179
4.7 0.25439
4.8 0.25722
4.9 0.25995
5 0.26309
5.1 0.26586
5.2 0.26896
5.3 0.27225
5.4 0.27566
5.5 0.27929
5.6 0.28288
5.7 0.28654
5.8 0.29025
5.9 0.29437
6 0.29868
6.1 0.30308
6.2 0.30739
6.3 0.31203
6.4 0.31643
6.5 0.32124
6.6 0.3264
6.7 0.33156
6.8 0.33732
6.9 0.34353
7 0.34986
7.1 0.35671
7.2 0.3639
7.3 0.37161
7.4 0.3804
7.5 0.38945
7.6 0.39902
7.7 0.40933
7.8 0.42004
7.9 0.43173
8 0.44409
8.1 0.45742
8.2 0.47129
8.3 0.48531
8.4 0.5005
8.5 0.51621
8.6 0.53229
8.7 0.54913
8.8 0.56731
8.9 0.58605
9 0.60585
9.1 0.62654
9.2 0.64812
9.3 0.6707
9.4 0.69413
9.5 0.71861
9.6 0.74343
9.7 0.76822
9.8 0.79239
9.9 0.81776
10 0.84236
10.1 0.86675
10.2 0.89044
10.3 0.91345
10.4 0.93515
10.5 0.89114
10.4 0.6796
10.3 0.53255
10.2 0.43017
10.1 0.35332
10 0.29313
9.9 0.24501
9.8 0.20506
9.7 0.17204
9.6 0.14503
9.5 0.12249
9.4 0.10347
9.3 0.08576
9.2 0.07078
9.1 0.05873
9 0.04777
8.9 0.03838
8.8 0.03126
8.7 0.0238
8.6 0.01531
8.5 0.00828
8.4 0.00292
8.3 -0.00238
8.2 -0.00762
8.1 -0.01234
8 -0.01691
7.9 -0.02094
7.8 -0.0248
7.7 -0.02762
7.6 -0.02961
7.5 -0.03072
7.4 -0.03138
7.3 -0.03206
7.2 -0.03444
7.1 -0.03619
7 -0.03782
6.9 -0.0396
6.8 -0.04336
6.7 -0.0464
6.6 -0.04926
6.5 -0.05149
6.4 -0.05444
6.3 -0.05701
6.2 -0.05948
6.1 -0.06205
6 -0.06471
5.9 -0.06691
5.8 -0.06924
5.7 -0.07134
5.6 -0.07379
5.5 -0.07592
5.4 -0.07802
5.3 -0.08007
5.2 -0.08215
5.1 -0.08422
5 -0.08595
4.9 -0.08807
4.8 -0.08974
4.7 -0.09157
4.6 -0.09328
4.5 -0.09507
4.4 -0.09685
4.3 -0.09841
4.2 -0.10031
4.1 -0.10185
4 -0.10343
3.9 -0.10492
3.8 -0.10662
3.7 -0.10799
3.6 -0.10953
3.5 -0.11094
3.4 -0.11243
3.3 -0.11411
3.2 -0.11533
3.1 -0.11668
3 -0.1181
2.9 -0.11942
2.8 -0.12072
2.7 -0.12199
2.6 -0.12319
2.5 -0.12451
2.4 -0.12564
2.3 -0.12695
2.2 -0.12808
2.1 -0.12921
2 -0.13039
1.9 -0.13175
1.8 -0.13269
1.7 -0.13406
1.6 -0.13519
1.5 -0.13627
1.4 -0.13753
1.3 -0.13863
1.2 -0.13999
1.1 -0.14102
1 -0.14227
0.9 -0.14359
0.8 -0.14478
0.7 -0.14591
0.6 -0.14702
0.5 -0.14823
0.4 -0.14947
0.3 -0.15063
0.2 -0.15183
0.1 -0.15295
0 -0.15427
-0.1 -0.15553
-0.2 -0.15672
-0.3 -0.15808
-0.4 -0.15935
-0.5 -0.16069
-0.6 -0.16192
-0.7 -0.16329
-0.8 -0.16458
-0.9 -0.16602
-1 -0.16742
-1.1 -0.16892
-1.2 -0.17013
-1.3 -0.17167
-1.4 -0.17288
-1.5 -0.17423
-1.6 -0.17546
-1.7 -0.17694
-1.8 -0.17824
-1.9 -0.17959
-2 -0.18089
-2.1 -0.18212
-2.2 -0.18346
-2.3 -0.18491
-2.4 -0.18633
-2.5 -0.18773
-2.6 -0.18909
-2.7 -0.1903
-2.8 -0.19191
-2.9 -0.19336
-3 -0.19472
-3.1 -0.19641
-3.2 -0.1978
-3.3 -0.19916
-3.4 -0.20028
-3.5 -0.20168
-3.6 -0.20298
-3.7 -0.20406
-3.8 -0.20549
-3.9 -0.20683
-4 -0.2084
-4.1 -0.21012
-4.2 -0.2119
-4.3 -0.21374
-4.4 -0.21557
-4.5 -0.21752
-4.6 -0.21985
-4.7 -0.22199
-4.8 -0.22424
-4.9 -0.22655
-5 -0.22929
-5.1 -0.23168
-5.2 -0.23408
-5.3 -0.23674
-5.4 -0.23948
-5.5 -0.24254
-5.6 -0.24555
-5.7 -0.24886
-5.8 -0.25197
-5.9 -0.25557
-6 -0.25927
-6.1 -0.26298
-6.2 -0.26699
-6.3 -0.27131
-6.4 -0.27577
-6.5 -0.28037
-6.6 -0.28515
-6.7 -0.29037
-6.8 -0.29539
-6.9 -0.30075
-7 -0.30631
-7.1 -0.31198
-7.2 -0.31792
-7.3 -0.32415
-7.4 -0.33117
-7.5 -0.33851
-7.6 -0.34611
-7.7 -0.35441
-7.8 -0.36323
-7.9 -0.37274
-8 -0.38247
-8.1 -0.39287
-8.2 -0.40418
-8.3 -0.41588
-8.4 -0.42844
-8.5 -0.4419
-8.6 -0.45591
-8.7 -0.47109
-8.8 -0.48751
-8.9 -0.50545
-9 -0.5246
-9.1 -0.54527
-9.2 -0.56769
-9.3 -0.5916
-9.4 -0.61651
-9.5 -0.64325
-9.6 -0.67098
-9.7 -0.70041
-9.8 -0.7311
-9.9 -0.76295
-10 -0.79493
-10.1 -0.82724
-10.2 -0.85873
-10.3 -0.88958
-10.4 -0.91952
-10.5 -0.89034
-10.4 -0.65241
-10.3 -0.50459
-10.2 -0.40526
-10.1 -0.33033
-10 -0.2721
-9.9 -0.22649
-9.8 -0.18916
-9.7 -0.15848
-9.6 -0.13248
-9.5 -0.11115
-9.4 -0.0918
-9.3 -0.07672
-9.2 -0.06553
-9.1 -0.05444
-9 -0.04488
-8.9 -0.03777
-8.8 -0.03007
-8.7 -0.02514
-8.6 -0.02187
-8.5 -0.01939
-8.4 -0.01505
-8.3 -0.00936
-8.2 -0.00452
-8.1 -6.46E-04
-8 0.00675
-7.9 0.01378
-7.8 0.01955
-7.7 0.0245
-7.6 0.02919
-7.5 0.03293
-7.4 0.03689
-7.3 0.04034
-7.2 0.04314
-7.1 0.04611
-7 0.04903
-6.9 0.05201
-6.8 0.05437
-6.7 0.05677
-6.6 0.05861
-6.5 0.06061
-6.4 0.06277
-6.3 0.065
-6.2 0.06728
-6.1 0.0692
-6 0.0712
-5.9 0.07344
-5.8 0.07547
-5.7 0.07758
-5.6 0.07937
-5.5 0.08128
-5.4 0.08327
-5.3 0.08494
-5.2 0.0867
-5.1 0.08807
-5 0.08961
-4.9 0.09111
-4.8 0.09294
-4.7 0.09491
-4.6 0.09674
-4.5 0.09832
-4.4 0.10011
-4.3 0.10211
-4.2 0.10398
-4.1 0.10592
-4 0.10765
-3.9 0.10958
-3.8 0.11133
-3.7 0.11299
-3.6 0.11432
-3.5 0.11594
-3.4 0.11729
-3.3 0.11897
-3.2 0.12062
-3.1 0.12217
-3 0.12368
-2.9 0.12512
-2.8 0.12638
-2.7 0.12799
-2.6 0.12939
-2.5 0.13065
-2.4 0.13192
-2.3 0.13308
-2.2 0.13461
-2.1 0.13588
-2 0.13741
-1.9 0.13885
-1.8 0.13999
-1.7 0.14161
-1.6 0.14302
-1.5 0.14435
-1.4 0.14562
-1.3 0.14682
-1.2 0.14815
-1.1 0.14944
-1 0.15082
-0.9 0.15221
-0.8 0.15362
-0.7 0.15482
-0.6 0.15632
-0.5 0.15781
-0.4 0.15928
-0.3 0.16061
-0.2 0.16198
-0.1 0.16352
0 0.16485
0.1 0.16625
0.2 0.16762
0.3 0.16898
0.4 0.17042
0.5 0.17181
0.6 0.17342
0.7 0.17497
0.8 0.17678
0.9 0.17822
1 0.17956
1.1 0.18125
1.2 0.18285
1.3 0.18429
1.4 0.18588
1.5 0.18735
1.6 0.18852
1.7 0.18962
1.8 0.19049
1.9 0.19159
2 0.19239
2.1 0.19335
2.2 0.19399
2.3 0.19491
2.4 0.19559
2.5 0.19642
2.6 0.19719
2.7 0.19836
2.8 0.1999
2.9 0.20162
3 0.20299
3.1 0.20459
3.2 0.20596
3.3 0.20748
3.4 0.20896
3.5 0.21031
3.6 0.21191
3.7 0.21315
3.8 0.21465
3.9 0.21619
4 0.21748
4.1 0.21925
4.2 0.22078
4.3 0.22265
4.4 0.22401
4.5 0.22578
4.6 0.22762
4.7 0.22961
4.8 0.23144
4.9 0.23345
5 0.2354
5.1 0.23744
5.2 0.23965
5.3 0.24178
5.4 0.24451
5.5 0.24699
5.6 0.2493
5.7 0.25197
5.8 0.25472
5.9 0.25743
6 0.26057
6.1 0.26369
6.2 0.26706
6.3 0.27043
6.4 0.27407
6.5 0.27742
6.6 0.28159
6.7 0.28569
6.8 0.28971
6.9 0.29441
7 0.29918
7.1 0.30438
7.2 0.3096
7.3 0.31537
7.4 0.3216
7.5 0.32816
7.6 0.33515
7.7 0.34276
7.8 0.35065
7.9 0.35912
8 0.36823
8.1 0.37771
8.2 0.3881
8.3 0.39952
8.4 0.41166
8.5 0.42438
8.6 0.43782
8.7 0.45237
8.8 0.46753
8.9 0.48349
9 0.50035
9.1 0.51747
9.2 0.5359
9.3 0.55515
9.4 0.57537
9.5 0.59645
9.6 0.61833
9.7 0.64095
9.8 0.66451
9.9 0.68874
10 0.71436
10.1 0.73996
10.2 0.76532
10.3 0.79077
10.4 0.81656
10.5 0.79543
10.4 0.59219
10.3 0.4662
10.2 0.37884
10.1 0.31265
10 0.26068
9.9 0.2186
9.8 0.18368
9.7 0.15458
9.6 0.1306
9.5 0.1113
9.4 0.09367
9.3 0.07808
9.2 0.06474
9.1 0.05371
9 0.04385
8.9 0.03646
8.8 0.02946
8.7 0.02236
8.6 0.01469
8.5 0.00854
8.4 0.00349
8.3 -9.21E-04
8.2 -0.0058
8.1 -0.00983
8 -0.01341
7.9 -0.01702
7.8 -0.02011
7.7 -0.02308
7.6 -0.02569
7.5 -0.0274
7.4 -0.0283
7.3 -0.02891
7.2 -0.02959
7.1 -0.03153
7 -0.03351
6.9 -0.03548
6.8 -0.03718
6.7 -0.03992
6.6 -0.04256
6.5 -0.04468
6.4 -0.04656
6.3 -0.04911
6.2 -0.05106
6.1 -0.05356
6 -0.056
5.9 -0.05836
5.8 -0.06044
5.7 -0.06261
5.6 -0.06456
5.5 -0.06663
5.4 -0.06877
5.3 -0.07111
5.2 -0.07294
5.1 -0.07477
5 -0.07682
4.9 -0.07877
4.8 -0.08037
4.7 -0.08253
4.6 -0.08415
4.5 -0.08602
4.4 -0.08767
4.3 -0.08941
4.2 -0.09096
4.1 -0.0926
4 -0.09408
3.9 -0.09539
3.8 -0.09709
3.7 -0.09862
3.6 -0.09995
3.5 -0.10138
3.4 -0.103
3.3 -0.10441
3.2 -0.10557
3.1 -0.10715
3 -0.10827
2.9 -0.10989
2.8 -0.11104
2.7 -0.11238
2.6 -0.11349
2.5 -0.11475
2.4 -0.11615
2.3 -0.11709
2.2 -0.11822
2.1 -0.11932
2 -0.12058
1.9 -0.1216
1.8 -0.12276
1.7 -0.12379
1.6 -0.12495
1.5 -0.12608
1.4 -0.12734
1.3 -0.12858
1.2 -0.12957
1.1 -0.13061
1 -0.13177
0.9 -0.1328
0.8 -0.13385
0.7 -0.13481
0.6 -0.1357
0.5 -0.1369
0.4 -0.13772
0.3 -0.13887
0.2 -0.13998
0.1 -0.14111
0 -0.14225
-0.1 -0.14322
-0.2 -0.14451
-0.3 -0.14572
-0.4 -0.14682
-0.5 -0.14797
-0.6 -0.14905
-0.7 -0.15026
-0.8 -0.15131
-0.9 -0.15257
-1 -0.15373
-1.1 -0.15471
-1.2 -0.15587
-1.3 -0.15707
-1.4 -0.15845
-1.5 -0.15958
-1.6 -0.16056
-1.7 -0.16168
-1.8 -0.16298
-1.9 -0.16411
-2 -0.16531
-2.1 -0.16638
-2.2 -0.16774
-2.3 -0.16888
-2.4 -0.16999
-2.5 -0.17136
-2.6 -0.17256
-2.7 -0.17359
-2.8 -0.17496
-2.9 -0.17616
-3 -0.17725
-3.1 -0.17868
-3.2 -0.17978
-3.3 -0.18096
-3.4 -0.18232
-3.5 -0.18358
-3.6 -0.18481
-3.7 -0.18627
-3.8 -0.18755
-3.9 -0.18894
-4 -0.1901
-4.1 -0.19139
-4.2 -0.19275
-4.3 -0.19407
-4.4 -0.19539
-4.5 -0.19647
-4.6 -0.19784
-4.7 -0.19936
-4.8 -0.20046
-4.9 -0.2021
-5 -0.20366
-5.1 -0.20527
-5.2 -0.20744
-5.3 -0.20936
-5.4 -0.21156
-5.5 -0.21394
-5.6 -0.21627
-5.7 -0.21895
-5.8 -0.22156
-5.9 -0.22438
-6 -0.22739
-6.1 -0.23069
-6.2 -0.23347
-6.3 -0.23704
-6.4 -0.24026
-6.5 -0.24371
-6.6 -0.24745
-6.7 -0.25131
-6.8 -0.25547
-6.9 -0.25954
-7 -0.26378
-7.1 -0.26837
-7.2 -0.27297
-7.3 -0.27803
-7.4 -0.28293
-7.5 -0.28789
-7.6 -0.29346
-7.7 -0.29923
-7.8 -0.30537
-7.9 -0.31209
-8 -0.31925
-8.1 -0.3268
-8.2 -0.33521
-8.3 -0.34399
-8.4 -0.35361
-8.5 -0.36354
-8.6 -0.37428
-8.7 -0.38567
-8.8 -0.39755
-8.9 -0.41032
-9 -0.42449
-9.1 -0.43982
-9.2 -0.45671
-9.3 -0.47522
-9.4 -0.49569
-9.5 -0.51787
-9.6 -0.54142
-9.7 -0.56719
-9.8 -0.59487
-9.9 -0.62432
-10 -0.65543
-10.1 -0.688
-10.2 -0.72193
-10.3 -0.75657
-10.4 -0.79132
-10.5 -0.78039
-10.4 -0.56959
-10.3 -0.44041
-10.2 -0.35203
-10.1 -0.28574
-10 -0.23499
-9.9 -0.19528
-9.8 -0.163
-9.7 -0.13613
-9.6 -0.11383
-9.5 -0.09488
-9.4 -0.0807
-9.3 -0.06877
-9.2 -0.05858
-9.1 -0.04884
-9 -0.03902
-8.9 -0.03115
-8.8 -0.02554
-8.7 -0.02183
-8.6 -0.01912
-8.5 -0.01506
-8.4 -0.00975
-8.3 -0.00511
-8.2 -0.00103
-8.1 0.00246
-8 0.00969
-7.9 0.01581
-7.8 0.02118
-7.7 0.02588
-7.6 0.02998
-7.5 0.03357
-7.4 0.03678
-7.3 0.04005
-7.2 0.04282
-7.1 0.0452
-7 0.04791
-6.9 0.05051
-6.8 0.05304
-6.7 0.05516
-6.6 0.05737
-6.5 0.05927
-6.4 0.06104
-6.3 0.06284
-6.2 0.06449
-6.1 0.06651
-6 0.06873
-5.9 0.07094
-5.8 0.07288
-5.7 0.07492
-5.6 0.07689
-5.5 0.07861
-5.4 0.08061
-5.3 0.08211
-5.2 0.08378
-5.1 0.08544
-5 0.08712
-4.9 0.08902
-4.8 0.09082
-4.7 0.09242
-4.6 0.09406
-4.5 0.09515
-4.4 0.09542
-4.3 0.0949
-4.2 0.09556
-4.1 0.09694
-4 0.09862
-3.9 0.09999
-3.8 0.10149
-3.7 0.10313
-3.6 0.10536
-3.5 0.10777
-3.4 0.11023
-3.3 0.11253
-3.2 0.11443
-3.1 0.11594
-3 0.11748
-2.9 0.11878
-2.8 0.1206
-2.7 0.12207
-2.6 0.12354
-2.5 0.12513
-2.4 0.12661
-2.3 0.12814
-2.2 0.12959
-2.1 0.13081
-2 0.13184
-1.9 0.13283
-1.8 0.13408
-1.7 0.13507
-1.6 0.13645
-1.5 0.13764
-1.4 0.1388
-1.3 0.1397
-1.2 0.14075
-1.1 0.14194
-1 0.14328
-0.9 0.14475
-0.8 0.14587
-0.7 0.14723
-0.6 0.1485
-0.5 0.14965
-0.4 0.15084
-0.3 0.15218
-0.2 0.1534
-0.1 0.1546
0 0.15565
0.1 0.157
0.2 0.1582
0.3 0.15942
0.4 0.16077
0.5 0.16211
0.6 0.16352
0.7 0.16468
0.8 0.1664
0.9 0.16784
1 0.16943
1.1 0.17054
1.2 0.17184
1.3 0.17321
1.4 0.17445
1.5 0.17562
1.6 0.17648
1.7 0.17753
1.8 0.17842
1.9 0.17932
2 0.18014
2.1 0.18094
2.2 0.18174
2.3 0.18253
2.4 0.1836
2.5 0.18479
2.6 0.18578
2.7 0.18665
2.8 0.18758
2.9 0.18868
3 0.18947
3.1 0.19059
3.2 0.19154
3.3 0.1929
3.4 0.1941
3.5 0.1956
3.6 0.197
3.7 0.19835
3.8 0.19994
3.9 0.20118
4 0.20247
4.1 0.20369
4.2 0.20537
4.3 0.20661
4.4 0.20817
4.5 0.20965
4.6 0.21124
4.7 0.21282
4.8 0.21438
4.9 0.21595
5 0.21731
5.1 0.21908
5.2 0.22065
5.3 0.22242
5.4 0.22428
5.5 0.22625
5.6 0.22819
5.7 0.23025
5.8 0.23244
5.9 0.23472
6 0.2368
6.1 0.2396
6.2 0.2424
6.3 0.24522
6.4 0.24842
6.5 0.25143
6.6 0.25486
6.7 0.2586
6.8 0.26257
6.9 0.26645
7 0.27061
7.1 0.27487
7.2 0.27998
7.3 0.28488
7.4 0.29031
7.5 0.29626
7.6 0.30195
7.7 0.30835
7.8 0.31496
7.9 0.32213
8 0.32967
8.1 0.33783
8.2 0.34643
8.3 0.35545
8.4 0.36528
8.5 0.37577
8.6 0.38707
8.7 0.39921
8.8 0.41198
8.9 0.42552
9 0.44002
9.1 0.45553
9.2 0.47187
9.3 0.48924
9.4 0.50777
9.5 0.52748
9.6 0.54786
9.7 0.56884
9.8 0.59089
9.9 0.61363
10 0.63742
10.1 0.66221
10.2 0.6877
10.3 0.71346
10.4 0.73983
10.5 0.7673
10.6 0.79332
10.7 0.81722
10.8 0.83977
10.9 0.86034
11 0.8786
11.1 0.89543
11.2 0.90962
11.3 0.92257
11.4 0.93475
11.5 0.94548
11.6 0.95543
11.7 0.96436
11.8 0.9705
11.9 0.97735
12 0.98381
12.1 0.98925
12.2 0.99431
12.3 0.99936
12.4 1.00372
12.5 1.00878
12.6 1.01291
12.7 1.01693
12.8 1.02137
12.9 1.02552
13 1.02914
13.1 1.03278
13.2 1.03599
13.3 1.03822
13.4 1.04087
13.5 1.04383
13.6 1.04669
13.7 1.04869
13.8 1.05048
13.9 1.05196
14 0.9839
13.9 0.76026
13.8 0.60251
13.7 0.48943
13.6 0.4043
13.5 0.33923
13.4 0.28737
13.3 0.24383
13.2 0.20744
13.1 0.17663
13 0.14978
12.9 0.12711
12.8 0.10813
12.7 0.0921
12.6 0.07648
12.5 0.06303
12.4 0.0515
12.3 0.04262
12.2 0.03571
12.1 0.02864
12 0.02147
11.9 0.01407
11.8 0.00761
11.7 0.00276
11.6 -0.00194
11.5 -0.00721
11.4 -0.01152
11.3 -0.01551
11.2 -0.01919
11.1 -0.02186
11 -0.02386
10.9 -0.02582
10.8 -0.02747
10.7 -0.02885
10.6 -0.03108
10.5 -0.0332
10.4 -0.03499
10.3 -0.03701
10.2 -0.03837
10.1 -0.04114
10 -0.04394
9.9 -0.04621
9.8 -0.0478
9.7 -0.05026
9.6 -0.05245
9.5 -0.05483
9.4 -0.05706
9.3 -0.05924
9.2 -0.06124
9.1 -0.06319
9 -0.06499
8.9 -0.06707
8.8 -0.06907
8.7 -0.07102
8.6 -0.07278
8.5 -0.07457
8.4 -0.07642
8.3 -0.07852
8.2 -0.08024
8.1 -0.08214
8 -0.08382
7.9 -0.08562
7.8 -0.08728
7.7 -0.08906
7.6 -0.0904
7.5 -0.09193
7.4 -0.09341
7.3 -0.09478
7.2 -0.09624
7.1 -0.09747
7 -0.09884
6.9 -0.10036
6.8 -0.10152
6.7 -0.10292
6.6 -0.10418
6.5 -0.10565
6.4 -0.10687
6.3 -0.10819
6.2 -0.10927
6.1 -0.11041
6 -0.11179
5.9 -0.11287
5.8 -0.11383
5.7 -0.11511
5.6 -0.11605
5.5 -0.11717
5.4 -0.11822
5.3 -0.11933
5.2 -0.12019
5.1 -0.12141
5 -0.1224
4.9 -0.12321
4.8 -0.12419
4.7 -0.12511
4.6 -0.12591
4.5 -0.12659
4.4 -0.12722
4.3 -0.12795
4.2 -0.12885
4.1 -0.12958
4 -0.13034
3.9 -0.13121
3.8 -0.1318
3.7 -0.13246
3.6 -0.13308
3.5 -0.13359
3.4 -0.13407
3.3 -0.13472
3.2 -0.13535
3.1 -0.13581
3 -0.13648
2.9 -0.13705
2.8 -0.13752
2.7 -0.13785
2.6 -0.13811
2.5 -0.13667
2.4 -0.13626
2.3 -0.13489
2.2 -0.1349
2.1 -0.13471
2 -0.13471
1.9 -0.13473
1.8 -0.13473
1.7 -0.135
1.6 -0.13532
1.5 -0.13542
1.4 -0.13573
1.3 -0.13595
1.2 -0.1359
1.1 -0.13625
1 -0.13648
0.9 -0.13706
0.8 -0.13711
0.7 -0.13733
0.6 -0.13791
0.5 -0.13823
0.4 -0.13856
0.3 -0.13911
0.2 -0.13951
0.1 -0.13991
0 -0.14048
-0.1 -0.14088
-0.2 -0.14061
-0.3 -0.14101
-0.4 -0.14158
-0.5 -0.14226
-0.6 -0.14288
-0.7 -0.14345
-0.8 -0.14415
-0.9 -0.14468
-1 -0.1454
-1.1 -0.14588
-1.2 -0.14661
-1.3 -0.14701
-1.4 -0.14775
-1.5 -0.14815
-1.6 -0.14884
-1.7 -0.14939
-1.8 -0.14999
-1.9 -0.15058
-2 -0.15109
-2.1 -0.15155
-2.2 -0.15228
-2.3 -0.15301
-2.4 -0.15375
-2.5 -0.15406
-2.6 -0.15471
-2.7 -0.15535
-2.8 -0.156
-2.9 -0.15658
-3 -0.15726
-3.1 -0.15788
-3.2 -0.15861
-3.3 -0.15918
-3.4 -0.15976
-3.5 -0.16036
-3.6 -0.16088
-3.7 -0.16141
-3.8 -0.16213
-3.9 -0.16283
-4 -0.16351
-4.1 -0.16415
-4.2 -0.16469
-4.3 -0.16546
-4.4 -0.16626
-4.5 -0.16717
-4.6 -0.16789
-4.7 -0.16907
-4.8 -0.17001
-4.9 -0.17134
-5 -0.17254
-5.1 -0.17386
-5.2 -0.17507
-5.3 -0.17664
-5.4 -0.17803
-5.5 -0.17954
-5.6 -0.18125
-5.7 -0.183
-5.8 -0.18464
-5.9 -0.18653
-6 -0.18838
-6.1 -0.19027
-6.2 -0.19223
-6.3 -0.19416
-6.4 -0.19646
-6.5 -0.19868
-6.6 -0.20108
-6.7 -0.20355
-6.8 -0.20589
-6.9 -0.20837
-7 -0.21086
-7.1 -0.21328
-7.2 -0.21565
-7.3 -0.21698
-7.4 -0.21899
-7.5 -0.22026
-7.6 -0.22238
-7.7 -0.22449
-7.8 -0.22674
-7.9 -0.22874
-8 -0.23076
-8.1 -0.23279
-8.2 -0.23481
-8.3 -0.23737
-8.4 -0.23983
-8.5 -0.24262
-8.6 -0.24628
-8.7 -0.25025
-8.8 -0.25461
-8.9 -0.2601
-9 -0.26599
-9.1 -0.27212
-9.2 -0.27868
-9.3 -0.28587
-9.4 -0.29376
-9.5 -0.30161
-9.6 -0.31011
-9.7 -0.31923
-9.8 -0.32912
-9.9 -0.34008
-10 -0.35182
-10.1 -0.36385
-10.2 -0.37735
-10.3 -0.39167
-10.4 -0.40589
-10.5 -0.42091
-10.6 -0.43608
-10.7 -0.45043
-10.8 -0.46447
-10.9 -0.47824
-11 -0.49122
-11.1 -0.50329
-11.2 -0.51489
-11.3 -0.52507
-11.4 -0.53455
-11.5 -0.54307
-11.6 -0.55141
-11.7 -0.55939
-11.8 -0.56681
-11.9 -0.57439
-12 -0.5814
-12.1 -0.58762
-12.2 -0.59419
-12.3 -0.60042
-12.4 -0.60675
-12.5 -0.61242
-12.6 -0.61734
-12.7 -0.62214
-12.8 -0.62659
-12.9 -0.62936
-13 -0.63137
-13.1 -0.63453
-13.2 -0.63811
-13.3 -0.64132
-13.4 -0.64366
-13.5 -0.64647
-13.6 -0.64864
-13.7 -0.6496
-13.8 -0.65036
-13.9 -0.65089
-14 -0.60632
-13.9 -0.45383
-13.8 -0.35647
-13.7 -0.29074
-13.6 -0.23999
-13.5 -0.19959
-13.4 -0.16703
-13.3 -0.14025
-13.2 -0.11805
-13.1 -0.09967
-13 -0.08388
-12.9 -0.07206
-12.8 -0.06185
-12.7 -0.05212
-12.6 -0.0435
-12.5 -0.03659
-12.4 -0.03059
-12.3 -0.02503
-12.2 -0.01808
-12.1 -0.01296
-12 -0.00939
-11.9 -0.00676
-11.8 -0.00428
-11.7 -0.00257
-11.6 -4.60E-04
-11.5 0.00233
-11.4 0.00592
-11.3 0.00985
-11.2 0.0131
-11.1 0.01577
-11 0.01828
-10.9 0.02018
-10.8 0.02185
-10.7 0.02378
-10.6 0.02582
-10.5 0.02768
-10.4 0.02941
-10.3 0.03079
-10.2 0.03238
-10.1 0.03365
-10 0.03514
-9.9 0.03652
-9.8 0.03789
-9.7 0.03898
-9.6 0.04033
-9.5 0.04149
-9.4 0.04259
-9.3 0.04339
-9.2 0.04475
-9.1 0.04562
-9 0.04665
-8.9 0.04792
-8.8 0.04883
-8.7 0.04946
-8.6 0.05047
-8.5 0.05136
-8.4 0.05219
-8.3 0.053
-8.2 0.05373
-8.1 0.05462
-8 0.05549
-7.9 0.05635
-7.8 0.05705
-7.7 0.0579
-7.6 0.05866
-7.5 0.05959
-7.4 0.06027
-7.3 0.061
-7.2 0.06169
-7.1 0.06247
-7 0.06308
-6.9 0.06419
-6.8 0.06505
-6.7 0.06579
-6.6 0.06679
-6.5 0.06765
-6.4 0.06853
-6.3 0.06955
-6.2 0.07039
-6.1 0.07149
-6 0.07245
-5.9 0.07325
-5.8 0.07439
-5.7 0.07539
-5.6 0.07626
-5.5 0.07712
-5.4 0.07802
-5.3 0.07911
-5.2 0.08019
-5.1 0.08116
-5 0.08226
-4.9 0.08309
-4.8 0.08405
-4.7 0.08498
-4.6 0.08595
-4.5 0.08679
-4.4 0.08769
-4.3 0.08872
-4.2 0.08939
-4.1 0.09015
-4 0.09121
-3.9 0.09169
-3.8 0.09172
-3.7 0.09239
-3.6 0.09313
-3.5 0.09356
-3.4 0.09449
-3.3 0.09511
-3.2 0.09569
-3.1 0.09619
-3 0.09686
-2.9 0.09759
-2.8 0.09799
-2.7 0.09839
-2.6 0.09869
-2.5 0.09917
-2.4 0.09933
-2.3 0.0995
-2.2 0.09967
-2.1 0.09963
-2 0.0995
-1.9 0.09961
-1.8 0.09927
-1.7 0.09878
-1.6 0.09745
-1.5 0.09724
-1.4 0.097
-1.3 0.09733
-1.2 0.09769
-1.1 0.098
-1 0.09829
-0.9 0.0985
-0.8 0.09905
-0.7 0.09933
-0.6 0.09966
-0.5 0.10023
-0.4 0.10067
-0.3 0.10106
-0.2 0.1015
-0.1 0.10199
0 0.10252
0.1 0.103
0.2 0.1035
0.3 0.1039
0.4 0.10433
0.5 0.10487
0.6 0.10533
0.7 0.10589
0.8 0.10619
0.9 0.10669
1 0.10733
1.1 0.10783
1.2 0.10806
1.3 0.10863
1.4 0.10903
1.5 0.10946
1.6 0.10999
1.7 0.11023
1.8 0.1105
1.9 0.11086
2 0.11133
2.1 0.1116
2.2 0.11183
2.3 0.1119
2.4 0.11183
2.5 0.11217
2.6 0.11227
2.7 0.11223
2.8 0.10701
2.9 0.10233
3 0.1012
3.1 0.09878
3.2 0.09509
3.3 0.09366
3.4 0.09221
3.5 0.09203
3.6 0.09207
3.7 0.09201
3.8 0.09262
3.9 0.09319
4 0.09412
4.1 0.09476
4.2 0.09549
4.3 0.09578
4.4 0.09544
4.5 0.0943
4.6 0.09338
4.7 0.09307
4.8 0.09353
4.9 0.09403
5 0.09465
5.1 0.09561
5.2 0.09649
5.3 0.09748
5.4 0.09849
5.5 0.09943
5.6 0.10016
5.7 0.1004
5.8 0.10076
5.9 0.10137
6 0.10189
6.1 0.10259
6.2 0.10345
6.3 0.10436
6.4 0.10536
6.5 0.10607
6.6 0.10683
6.7 0.1074
6.8 0.10769
6.9 0.10822
7 0.10777
7.1 0.10907
7.2 0.11029
7.3 0.11103
7.4 0.11058
7.5 0.11083
7.6 0.11192
7.7 0.11246
7.8 0.1136
7.9 0.11465
8 0.11598
8.1 0.11758
8.2 0.11929
8.3 0.12099
8.4 0.12242
8.5 0.12396
8.6 0.12516
8.7 0.12629
8.8 0.12762
8.9 0.12935
9 0.13135
9.1 0.13334
9.2 0.13529
9.3 0.13724
9.4 0.13935
9.5 0.14144
9.6 0.14385
9.7 0.14641
9.8 0.14887
9.9 0.15121
10 0.15402
10.1 0.15661
10.2 0.15948
10.3 0.16257
10.4 0.16554
10.5 0.16838
10.6 0.17144
10.7 0.17464
10.8 0.17784
10.9 0.18151
11 0.18494
11.1 0.1888
11.2 0.19269
11.3 0.1967
11.4 0.2007
11.5 0.20463
11.6 0.20912
11.7 0.21376
11.8 0.21839
11.9 0.22336
12 0.22836
12.1 0.23371
12.2 0.23954
12.3 0.24532
12.4 0.25154
12.5 0.25834
12.6 0.26512
12.7 0.27232
12.8 0.27999
12.9 0.28762
13 0.29577
13.1 0.30361
13.2 0.31161
13.3 0.31998
13.4 0.32885
13.5 0.33778
13.6 0.34699
13.7 0.35607
13.8 0.36508
13.9 0.37376
14 0.35863
13.9 0.23749
13.8 0.18312
13.7 0.14809
13.6 0.12275
13.5 0.10326
13.4 0.08765
13.3 0.07523
13.2 0.06455
13.1 0.05565
13 0.04799
12.9 0.04242
12.8 0.03876
12.7 0.03359
12.6 0.02814
12.5 0.02401
12.4 0.02093
12.3 0.01776
12.2 0.01459
12.1 0.01195
12 0.0095
11.9 0.00706
11.8 0.00525
11.7 0.00336
11.6 0.00156
11.5 2.39E-05
11.4 -0.00134
11.3 -0.00281
11.2 -0.00412
11.1 -0.0052
11 -0.0065
10.9 -0.0076
10.8 -0.00886
10.7 -0.00973
10.6 -0.01065
10.5 -0.0115
10.4 -0.0123
10.3 -0.0131
10.2 -0.0139
10.1 -0.01458
10 -0.01533
9.9 -0.01588
9.8 -0.01639
9.7 -0.01707
9.6 -0.01762
9.5 -0.01817
9.4 -0.01842
9.3 -0.01914
9.2 -0.01957
9.1 -0.01997
9 -0.0205
8.9 -0.021
8.8 -0.0215
8.7 -0.02201
8.6 -0.02224
8.5 -0.02267
8.4 -0.02246
8.3 -0.02289
8.2 -0.0235
8.1 -0.02386
8 -0.02448
7.9 -0.02513
7.8 -0.0255
7.7 -0.02622
7.6 -0.02687
7.5 -0.02719
7.4 -0.02771
7.3 -0.02806
7.2 -0.0285
7.1 -0.02903
7 -0.0295
6.9 -0.02992
6.8 -0.03033
6.7 -0.03073
6.6 -0.0312
6.5 -0.03169
6.4 -0.03238
6.3 -0.03283
6.2 -0.03334
6.1 -0.03374
6 -0.03433
5.9 -0.035
5.8 -0.03532
5.7 -0.03585
5.6 -0.03633
5.5 -0.03683
5.4 -0.03725
5.3 -0.03776
5.2 -0.03806
5.1 -0.03853
5 -0.03885
4.9 -0.03925
4.8 -0.03965
4.7 -0.03984
4.6 -0.0405
4.5 -0.04069
4.4 -0.04112
4.3 -0.04149
4.2 -0.04184
4.1 -0.04224
4 -0.04252
3.9 -0.04317
3.8 -0.04326
3.7 -0.04367
3.6 -0.04408
3.5 -0.04433
3.4 -0.0448
3.3 -0.04511
3.2 -0.04555
3.1 -0.04583
3 -0.04617
2.9 -0.0465
2.8 -0.04672
2.7 -0.04717
2.6 -0.04749
2.5 -0.04783
2.4 -0.04821
2.3 -0.04854
2.2 -0.04883
2.1 -0.04912
2 -0.0495
1.9 -0.04983
1.8 -0.05015
1.7 -0.05072
1.6 -0.05099
1.5 -0.05133
1.4 -0.05188
1.3 -0.05239
1.2 -0.05283
1.1 -0.0532
1 -0.05379
0.9 -0.05433
0.8 -0.0546
0.7 -0.05517
0.6 -0.05562
0.5 -0.05615
0.4 -0.05655
0.3 -0.0571
0.2 -0.05755
0.1 -0.05787
0 -0.05833
-0.1 -0.05884
-0.2 -0.05932
-0.3 -0.05972
-0.4 -0.06003
-0.5 -0.0605
-0.6 -0.061
-0.7 -0.0616
-0.8 -0.06205
-0.9 -0.06257
-1 -0.06296
-1.1 -0.06313
-1.2 -0.06333
-1.3 -0.06401
-1.4 -0.06483
-1.5 -0.06517
-1.6 -0.06533
-1.7 -0.06554
-1.8 -0.06589
-1.9 -0.06608
-2 -0.06635
-2.1 -0.0665
-2.2 -0.06678
-2.3 -0.06737
-2.4 -0.06767
-2.5 -0.06814
-2.6 -0.06833
-2.7 -0.0685
-2.8 -0.06917
-2.9 -0.0695
-3 -0.07031
-3.1 -0.07063
-3.2 -0.07122
-3.3 -0.07173
-3.4 -0.07229
-3.5 -0.073
-3.6 -0.07371
-3.7 -0.0746
-3.8 -0.07523
-3.9 -0.07579
-4 -0.07635
-4.1 -0.07735
-4.2 -0.07827
-4.3 -0.07918
-4.4 -0.08019
-4.5 -0.08131
-4.6 -0.0823
-4.7 -0.08343
-4.8 -0.0844
-4.9 -0.08565
-5 -0.08665
-5.1 -0.08788
-5.2 -0.08888
-5.3 -0.08991
-5.4 -0.09111
-5.5 -0.09213
-5.6 -0.09318
-5.7 -0.09404
-5.8 -0.09525
-5.9 -0.09628
-6 -0.09748
-6.1 -0.0986
-6.2 -0.09977
-6.3 -0.10073
-6.4 -0.10153
-6.5 -0.10219
-6.6 -0.10309
-6.7 -0.10378
-6.8 -0.10457
-6.9 -0.1057
-7 -0.10665
-7.1 -0.10772
-7.2 -0.10892
-7.3 -0.1099
-7.4 -0.11111
-7.5 -0.11231
-7.6 -0.11368
-7.7 -0.11504
-7.8 -0.11648
-7.9 -0.11814
-8 -0.11967
-8.1 -0.12118
-8.2 -0.1227
-8.3 -0.12413
-8.4 -0.1259
-8.5 -0.12748
-8.6 -0.1291
-8.7 -0.13054
-8.8 -0.13231
-8.9 -0.1341
-9 -0.13585
-9.1 -0.13781
-9.2 -0.13985
-9.3 -0.14202
-9.4 -0.14397
-9.5 -0.14606
-9.6 -0.14852
-9.7 -0.15085
-9.8 -0.15325
-9.9 -0.15597
-10 -0.15853
-10.1 -0.16123
-10.2 -0.16396
-10.3 -0.16692
-10.4 -0.17
-10.5 -0.17306
-10.6 -0.17602
-10.7 -0.17899
-10.8 -0.18193
-10.9 -0.18496
-11 -0.18838
-11.1 -0.19215
-11.2 -0.19469
-11.3 -0.19859
-11.4 -0.20315
-11.5 -0.20774
-11.6 -0.21296
-11.7 -0.21809
-11.8 -0.22372
-11.9 -0.22996
-12 -0.23672
-12.1 -0.24335
-12.2 -0.25068
-12.3 -0.25733
-12.4 -0.26524
-12.5 -0.27342
-12.6 -0.28194
-12.7 -0.29143
-12.8 -0.30124
-12.9 -0.3115
-13 -0.32226
-13.1 -0.33345
-13.2 -0.34499
-13.3 -0.35681
-13.4 -0.36859
-13.5 -0.38021
-13.6 -0.39286
-13.7 -0.40553
-13.8 -0.41769
-13.9 -0.42753
-14 -0.41181
-13.9 -0.30343
-13.8 -0.23999
-13.7 -0.1954
-13.6 -0.1619
-13.5 -0.13498
-13.4 -0.11511
-13.3 -0.09702
-13.2 -0.08207
-13.1 -0.06928
-13 -0.05852
-12.9 -0.04921
-12.8 -0.04121
-12.7 -0.03452
-12.6 -0.02914
-12.5 -0.02459
-12.4 -0.01942
-12.3 -0.01486
-12.2 -0.01214
-12.1 -0.01024
-12 -0.00824
-11.9 -0.00686
-11.8 -0.00539
-11.7 -0.004
-11.6 -1.75E-04
-11.5 0.00287
-11.4 0.00558
-11.3 0.00776
-11.2 0.00954
-11.1 0.01162
-11 0.01322
-10.9 0.01492
-10.8 0.01624
-10.7 0.01746
-10.6 0.01913
-10.5 0.02058
-10.4 0.02177
-10.3 0.02251
-10.2 0.02364
-10.1 0.02489
-10 0.02591
-9.9 0.02656
-9.8 0.02768
-9.7 0.02833
-9.6 0.02878
-9.5 0.02933
-9.4 0.0294
-9.3 0.03029
-9.2 0.03106
-9.1 0.03219
-9 0.03291
-8.9 0.03354
-8.8 0.03439
-8.7 0.0356
-8.6 0.03644
-8.5 0.03718
-8.4 0.03803
-8.3 0.03857
-8.2 0.03929
-8.1 0.03997
-8 0.04083
-7.9 0.04138
-7.8 0.04178
-7.7 0.04258
-7.6 0.04302
-7.5 0.04367
-7.4 0.04416
-7.3 0.04468
-7.2 0.04498
-7.1 0.04528
-7 0.04576
-6.9 0.04621
-6.8 0.04633
-6.7 0.04656
-6.6 0.04688
-6.5 0.04726
-6.4 0.04782
-6.3 0.04812
-6.2 0.04862
-6.1 0.04894
-6 0.04941
-5.9 0.04955
-5.8 0.04989
-5.7 0.0505
-5.6 0.05111
-5.5 0.05141
-5.4 0.05168
-5.3 0.05207
-5.2 0.05256
-5.1 0.05283
-5 0.05324
-4.9 0.05372
-4.8 0.05412
-4.7 0.05469
-4.6 0.05502
-4.5 0.05549
-4.4 0.05589
-4.3 0.05612
-4.2 0.05619
-4.1 0.05673
-4 0.05708
-3.9 0.05755
-3.8 0.05768
-3.7 0.05817
-3.6 0.05842
-3.5 0.05873
-3.4 0.05905
-3.3 0.05929
-3.2 0.0595
-3.1 0.05992
-3 0.06015
-2.9 0.06057
-2.8 0.06095
-2.7 0.06119
-2.6 0.06159
-2.5 0.06167
-2.4 0.062
-2.3 0.06233
-2.2 0.06252
-2.1 0.06292
-2 0.06324
-1.9 0.06383
-1.8 0.06429
-1.7 0.06464
-1.6 0.06509
-1.5 0.06542
-1.4 0.066
-1.3 0.0665
-1.2 0.06698
-1.1 0.06728
-1 0.06765
-0.9 0.06789
-0.8 0.06811
-0.7 0.06833
-0.6 0.0685
-0.5 0.06868
-0.4 0.06883
-0.3 0.06883
-0.2 0.06896
-0.1 0.06902
0 0.06917
0.1 0.06933
0.2 0.06939
0.3 0.0695
0.4 0.06969
0.5 0.06983
0.6 0.07005
0.7 0.07033
0.8 0.07065
0.9 0.07119
1 0.07174
1.1 0.07199
1.2 0.07234
1.3 0.07285
1.4 0.07328
1.5 0.07374
1.6 0.07421
1.7 0.07472
1.8 0.07531
1.9 0.076
2 0.07641
2.1 0.07704
2.2 0.07734
2.3 0.07798
2.4 0.07828
2.5 0.07849
2.6 0.07889
2.7 0.07912
2.8 0.07962
2.9 0.08011
3 0.08074
3.1 0.08105
3.2 0.08133
3.3 0.0819
3.4 0.08242
3.5 0.08291
3.6 0.08339
3.7 0.08401
3.8 0.08433
3.9 0.08478
4 0.08532
4.1 0.08589
4.2 0.08629
4.3 0.08702
4.4 0.0874
4.5 0.08774
4.6 0.08822
4.7 0.08862
4.8 0.08919
4.9 0.08961
5 0.09032
5.1 0.09089
5.2 0.09129
5.3 0.09216
5.4 0.09303
5.5 0.09382
5.6 0.0947
5.7 0.09541
5.8 0.09602
5.9 0.09659
6 0.09747
6.1 0.09804
6.2 0.09874
6.3 0.09948
6.4 0.10011
6.5 0.10081
6.6 0.1016
6.7 0.10262
6.8 0.10354
6.9 0.10442
7 0.10508
7.1 0.10611
7.2 0.10724
7.3 0.10804
7.4 0.10886
7.5 0.11006
7.6 0.11092
7.7 0.11179
7.8 0.11266
7.9 0.11344
8 0.11424
8.1 0.11522
8.2 0.11618
8.3 0.11716
8.4 0.11828
8.5 0.11931
8.6 0.12044
8.7 0.1218
8.8 0.12289
8.9 0.1242
9 0.12573
9.1 0.12715
9.2 0.12813
9.3 0.12967
9.4 0.13095
9.5 0.1324
9.6 0.13392
9.7 0.1353
9.8 0.13681
9.9 0.1386
10 0.14005
10.1 0.14182
10.2 0.14375
10.3 0.14581
10.4 0.14779
10.5 0.14963
10.6 0.15148
10.7 0.15359
10.8 0.15573
10.9 0.15756
11 0.15987
11.1 0.16187
11.2 0.16426
11.3 0.16656
11.4 0.16907
11.5 0.17186
11.6 0.1748
11.7 0.17839
11.8 0.18201
11.9 0.18587
12 0.18994
12.1 0.19385
12.2 0.1979
12.3 0.20219
12.4 0.20662
12.5 0.21132
12.6 0.21644
12.7 0.22177
12.8 0.22754
12.9 0.23305
13 0.23905
13.1 0.2456
13.2 0.25223
13.3 0.25884
13.4 0.26575
13.5 0.27304
13.6 0.28048
13.7 0.28851
13.8 0.29681
13.9 0.30523
14 0.29562
13.9 0.2001
13.8 0.15968
13.7 0.13197
13.6 0.11108
13.5 0.0949
13.4 0.0813
13.3 0.06985
13.2 0.06074
13.1 0.0529
13 0.04622
12.9 0.04131
12.8 0.03606
12.7 0.0323
12.6 0.0279
12.5 0.02425
12.4 0.02144
12.3 0.0191
12.2 0.0167
12.1 0.01426
12 0.0121
11.9 0.01021
11.8 0.00842
11.7 0.00652
11.6 0.00494
11.5 0.00331
11.4 0.00183
11.3 2.96E-04
11.2 -0.00107
11.1 -0.00229
11 -0.00342
10.9 -0.00451
10.8 -0.00537
10.7 -0.0064
10.6 -0.00731
10.5 -0.0083
10.4 -0.00939
10.3 -0.01036
10.2 -0.01116
10.1 -0.01165
10 -0.01238
9.9 -0.01289
9.8 -0.01352
9.7 -0.01401
9.6 -0.01417
9.5 -0.01488
9.4 -0.01527
9.3 -0.01585
9.2 -0.01649
9.1 -0.01696
9 -0.01755
8.9 -0.01812
8.8 -0.01852
8.7 -0.01891
8.6 -0.01947
8.5 -0.01988
8.4 -0.0205
8.3 -0.02102
8.2 -0.02141
8.1 -0.02179
8 -0.02221
7.9 -0.02244
7.8 -0.02301
7.7 -0.02374
7.6 -0.02429
7.5 -0.02438
7.4 -0.02445
7.3 -0.02485
7.2 -0.02557
7.1 -0.02612
7 -0.02667
6.9 -0.02722
6.8 -0.0275
6.7 -0.02767
6.6 -0.02783
6.5 -0.02754
6.4 -0.02794
6.3 -0.02802
6.2 -0.02849
6.1 -0.02883
6 -0.02938
5.9 -0.02989
5.8 -0.0305
5.7 -0.03083
5.6 -0.03117
5.5 -0.03183
5.4 -0.03227
5.3 -0.03267
5.2 -0.03299
5.1 -0.03347
5 -0.03392
4.9 -0.03472
4.8 -0.035
4.7 -0.03541
4.6 -0.03596
4.5 -0.03633
4.4 -0.03645
4.3 -0.03669
4.2 -0.03724
4.1 -0.03764
4 -0.03767
3.9 -0.03789
3.8 -0.03833
3.7 -0.03857
3.6 -0.03895
3.5 -0.03922
3.4 -0.03973
3.3 -0.04018
3.2 -0.04049
3.1 -0.04082
3 -0.04105
2.9 -0.04144
2.8 -0.04167
2.7 -0.04199
2.6 -0.04217
2.5 -0.0425
2.4 -0.04278
2.3 -0.04302
2.2 -0.04317
2.1 -0.04346
2 -0.04371
1.9 -0.04378
1.8 -0.044
1.7 -0.04416
1.6 -0.04433
1.5 -0.04472
1.4 -0.04512
1.3 -0.04536
1.2 -0.04575
1.1 -0.04581
1 -0.04605
0.9 -0.04645
0.8 -0.04667
0.7 -0.04708
0.6 -0.04748
0.5 -0.04759
0.4 -0.04784
0.3 -0.04802
0.2 -0.04833
0.1 -0.04867
0 -0.04912