0 0
0.1 0.0531
0.2 0.11262
0.1 0.04421
0 -0.0085
-0.1 -0.03838
-0.2 -0.0314
-0.1 -0.03649
0 -0.00469
0.1 0.05253
0.2 0.14832
0.2 0.04922
0.1 0.02802
0 -0.03262
-0.1 -0.03933
-0.2 -0.0401
-0.2 -0.03923
-0.1 -0.03766
0 -0.02415
0.1 0.03805
0.2 0.07651
0.3 0.31148
0.4 0.45663
0.5 0.53899
0.5 0.22048
0.4 0.06839
0.3 0.03421
0.2 -0.00101
0.1 -0.03779
0 -0.03955
-0.1 -0.04075
-0.2 -0.04421
-0.3 -0.05296
-0.4 -0.07889
-0.5 -0.14179
-0.5 -0.04686
-0.4 -0.03973
-0.3 -0.03927
-0.2 -0.0382
-0.1 -0.03601
0 8.24E-04
0.1 0.04862
0.2 0.12664
0.3 0.26721
0.4 0.37123
0.5 0.45893
0.6 0.54858
0.7 0.63299
0.8 0.67742
0.9 0.71212
1 0.6696
0.9 0.51041
0.8 0.28876
0.7 0.14455
0.6 0.05579
0.5 0.03753
0.4 0.00827
0.3 -0.02873
0.2 -0.03941
0.1 -0.03983
0 -0.04175
-0.1 -0.04545
-0.2 -0.05387
-0.3 -0.08597
-0.4 -0.1271
-0.5 -0.1795
-0.6 -0.26296
-0.7 -0.37264
-0.8 -0.46236
-0.9 -0.53455
-1 -0.40753
-0.9 -0.34519
-0.8 -0.12521
-0.7 -0.04523
-0.6 -0.03987
-0.5 -0.03949
-0.4 -0.03842
-0.3 -0.037
-0.2 -0.01891
-0.1 0.02732
0 0.05129
0.1 0.09656
0.2 0.17184
0.3 0.24957
0.4 0.3213
0.5 0.38627
0.6 0.45006
0.7 0.51437
0.8 0.57999
0.9 0.6497
1 0.71743
1.1 0.7535
1.2 0.77942
1.3 0.72731
1.2 0.46506
1.1 0.26823
1 0.14407
0.9 0.06976
0.8 0.03984
0.7 0.01902
0.6 -0.00599
0.5 -0.03056
0.4 -0.03987
0.3 -0.04046
0.2 -0.0422
0.1 -0.04736
0 -0.05652
-0.1 -0.07602
-0.2 -0.10369
-0.3 -0.13269
-0.4 -0.16519
-0.5 -0.20969
-0.6 -0.27311
-0.7 -0.3473
-0.8 -0.4215
-0.9 -0.49658
-1 -0.57664
-1.1 -0.62637
-1.2 -0.66559
-1.3 -0.56347
-1.2 -0.3951
-1.1 -0.19983
-1 -0.10782
-0.9 -0.05001
-0.8 -0.04017
-0.7 -0.03939
-0.6 -0.03883
-0.5 -0.03737
-0.4 -0.0303
-0.3 0.00383
-0.2 0.0337
-0.1 0.05026
0 0.07473
0.1 0.12142
0.2 0.16759
0.3 0.2199
0.4 0.27145
0.5 0.31976
0.6 0.36893
0.7 0.4181
0.8 0.46805
0.9 0.52062
1 0.57375
1.1 0.62835
1.2 0.68641
1.3 0.74652
1.4 0.78906
1.5 0.8184
1.6 0.84151
1.7 0.86126
1.8 0.87959
1.9 0.8965
2 0.9135
2.1 0.931
2.2 0.94694
2.3 0.96304
2.4 0.97766
2.5 0.99232
2.5 0.70458
2.4 0.49344
2.3 0.35137
2.2 0.25483
2.1 0.18296
2 0.12591
1.9 0.07939
1.8 0.04682
1.7 0.03703
1.6 0.01732
1.5 -0.00567
1.4 -0.02828
1.3 -0.03947
1.2 -0.04026
1.1 -0.04105
1 -0.04266
0.9 -0.04707
0.8 -0.05512
0.7 -0.07358
0.6 -0.09637
0.5 -0.11367
0.4 -0.12626
0.3 -0.13839
0.2 -0.1498
0.1 -0.16182
0 -0.17319
-0.1 -0.1864
-0.2 -0.20138
-0.3 -0.21887
-0.4 -0.23999
-0.5 -0.26714
-0.6 -0.30536
-0.7 -0.35189
-0.8 -0.39993
-0.9 -0.44845
-1 -0.49622
-1.1 -0.54412
-1.2 -0.59316
-1.3 -0.64422
-1.4 -0.67798
-1.5 -0.70498
-1.6 -0.72836
-1.7 -0.7498
-1.8 -0.76999
-1.9 -0.78823
-2 -0.805
-2.1 -0.82288
-2.2 -0.83958
-2.3 -0.85557
-2.4 -0.871
-2.5 -0.88629
-2.5 -0.58834
-2.4 -0.40459
-2.3 -0.29274
-2.2 -0.21557
-2.1 -0.15621
-2 -0.11555
-1.9 -0.0815
-1.8 -0.05098
-1.7 -0.04041
-1.6 -0.03975
-1.5 -0.03932
-1.4 -0.03814
-1.3 -0.03556
-1.2 -0.02695
-1.1 -0.00112
-1 0.01538
-0.9 0.03269
-0.8 0.04546
-0.7 0.05245
-0.6 0.06388
-0.5 0.07954
-0.4 0.09325
-0.3 0.10634
-0.2 0.11971
-0.1 0.13319
0 0.14769
0.1 0.16404
0.2 0.18264
0.3 0.20546
0.4 0.22892
0.5 0.25117
0.6 0.2741
0.7 0.29839
0.8 0.32331
0.9 0.34853
1 0.3738
1.1 0.39978
1.2 0.42763
1.3 0.45582
1.4 0.48525
1.5 0.51539
1.6 0.54644
1.7 0.57915
1.8 0.61329
1.9 0.64868
2 0.68616
2.1 0.72513
2.2 0.76556
2.3 0.80613
2.4 0.84724
2.5 0.88839
2.5 0.63082
2.4 0.44041
2.3 0.32195
2.2 0.24187
2.1 0.18128
2 0.13271
1.9 0.0925
1.8 0.05944
1.7 0.04077
1.6 0.03471
1.5 0.01357
1.4 -0.00391
1.3 -0.02435
1.2 -0.03806
1.1 -0.04
1 -0.0405
0.9 -0.04133
0.8 -0.04306
0.7 -0.04962
0.6 -0.0606
0.5 -0.07531
0.4 -0.08946
0.3 -0.10047
0.2 -0.1108
0.1 -0.11982
0 -0.12838
-0.1 -0.13782
-0.2 -0.14717
-0.3 -0.15696
-0.4 -0.1683
-0.5 -0.18283
-0.6 -0.20219
-0.7 -0.22428
-0.8 -0.24635
-0.9 -0.26931
-1 -0.29327
-1.1 -0.31879
-1.2 -0.3461
-1.3 -0.37228
-1.4 -0.40007
-1.5 -0.4287
-1.6 -0.45835
-1.7 -0.48965
-1.8 -0.52197
-1.9 -0.55543
-2 -0.59137
-2.1 -0.62964
-2.2 -0.6704
-2.3 -0.71296
-2.4 -0.75704
-2.5 -0.80135
-2.5 -0.55608
-2.4 -0.383
-2.3 -0.27976
-2.2 -0.20792
-2.1 -0.15308
-2 -0.11431
-1.9 -0.08389
-1.8 -0.05467
-1.7 -0.04088
-1.6 -0.03971
-1.5 -0.03912
-1.4 -0.03835
-1.3 -0.03615
-1.2 -0.02859
-1.1 -0.00785
-1 0.0094
-0.9 0.02483
-0.8 0.04033
-0.7 0.04742
-0.6 0.05502
-0.5 0.06655
-0.4 0.07967
-0.3 0.09126
-0.2 0.10346
-0.1 0.1158
0 0.12883
0.1 0.14346
0.2 0.16041
0.3 0.18057
0.4 0.20073
0.5 0.22054
0.6 0.24061
0.7 0.26196
0.8 0.28425
0.9 0.30635
1 0.32946
1.1 0.35328
1.2 0.37859
1.3 0.40484
1.4 0.43194
1.5 0.46077
1.6 0.49084
1.7 0.52232
1.8 0.55588
1.9 0.59108
2 0.62855
2.1 0.66772
2.2 0.70812
2.3 0.75107
2.4 0.79619
2.5 0.84323
2.5 0.57845
2.4 0.39755
2.3 0.28927
2.2 0.21771
2.1 0.16343
2 0.11994
1.9 0.08372
1.8 0.05441
1.7 0.03992
1.6 0.03221
1.5 0.01256
1.4 -0.00389
1.3 -0.02238
1.2 -0.0353
1.1 -0.03983
1 -0.0405
0.9 -0.04104
0.8 -0.04312
0.7 -0.04862
0.6 -0.05719
0.5 -0.0696
0.4 -0.08323
0.3 -0.09377
0.2 -0.10341
0.1 -0.11165
0 -0.11914
-0.1 -0.12719
-0.2 -0.13522
-0.3 -0.1439
-0.4 -0.15391
-0.5 -0.1666
-0.6 -0.18381
-0.7 -0.20275
-0.8 -0.22254
-0.9 -0.24301
-1 -0.26418
-1.1 -0.28727
-1.2 -0.31119
-1.3 -0.33534
-1.4 -0.36078
-1.5 -0.38744
-1.6 -0.41547
-1.7 -0.44506
-1.8 -0.47611
-1.9 -0.50865
-2 -0.54465
-2.1 -0.58254
-2.2 -0.6241
-2.3 -0.66879
-2.4 -0.71584
-2.5 -0.7658
-2.5 -0.52575
-2.4 -0.36058
-2.3 -0.26495
-2.2 -0.19761
-2.1 -0.1464
-2 -0.11092
-1.9 -0.08192
-1.8 -0.05376
-1.7 -0.04099
-1.6 -0.03975
-1.5 -0.03925
-1.4 -0.03821
-1.3 -0.03603
-1.2 -0.0289
-1.1 -0.00935
-1 0.0078
-0.9 0.02201
-0.8 0.03612
-0.7 0.04576
-0.6 0.05159
-0.5 0.06137
-0.4 0.07388
-0.3 0.08528
-0.2 0.09652
-0.1 0.10754
0 0.12013
0.1 0.13318
0.2 0.14878
0.3 0.16708
0.4 0.18561
0.5 0.2037
0.6 0.2221
0.7 0.24202
0.8 0.26211
0.9 0.28279
1 0.30394
1.1 0.32618
1.2 0.34989
1.3 0.3746
1.4 0.40028
1.5 0.42777
1.6 0.4567
1.7 0.48737
1.8 0.51982
1.9 0.55433
2 0.59115
2.1 0.63044
2.2 0.67137
2.3 0.71442
2.4 0.76081
2.5 0.81009
2.6 0.86327
2.7 0.90436
2.8 0.93747
2.9 0.96489
3 0.98738
3.1 1.00841
3.2 1.02779
3.3 1.04615
3.4 1.06289
3.5 1.07746
3.6 1.09203
3.7 1.10658
3.8 1.11955
3.9 1.13316
4 1.14547
4.1 1.15907
4.2 1.17209
4.3 1.18203
4.4 1.19441
4.5 1.20822
4.6 1.22019
4.7 1.23317
4.8 1.24672
4.9 1.25933
5 1.26962
5.1 1.27955
5.2 1.2114
5.1 0.95615
5 0.72997
4.9 0.56623
4.8 0.45534
4.7 0.37516
4.6 0.31216
4.5 0.25894
4.4 0.21399
4.3 0.17656
4.2 0.14366
4.1 0.11506
4 0.09011
3.9 0.06911
3.8 0.05267
3.7 0.04175
3.6 0.03193
3.5 0.0231
3.4 0.00677
3.3 -0.00427
3.2 -0.01688
3.1 -0.02555
3 -0.03239
2.9 -0.03663
2.8 -0.03979
2.7 -0.04
2.6 -0.04374
2.5 -0.04774
2.4 -0.05344
2.3 -0.06004
2.2 -0.06856
2.1 -0.07657
2 -0.08384
1.9 -0.08989
1.8 -0.09534
1.7 -0.10072
1.6 -0.10611
1.5 -0.11129
1.4 -0.1165
1.3 -0.12162
1.2 -0.12706
1.1 -0.1324
1 -0.13773
0.9 -0.14306
0.8 -0.14812
0.7 -0.15322
0.6 -0.15829
0.5 -0.16346
0.4 -0.16889
0.3 -0.17439
0.2 -0.18039
0.1 -0.18645
0 -0.19234
-0.1 -0.19873
-0.2 -0.20573
-0.3 -0.21368
-0.4 -0.2229
-0.5 -0.23302
-0.6 -0.24502
-0.7 -0.25812
-0.8 -0.27212
-0.9 -0.28715
-1 -0.30324
-1.1 -0.32102
-1.2 -0.3398
-1.3 -0.35933
-1.4 -0.3807
-1.5 -0.40285
-1.6 -0.42616
-1.7 -0.45109
-1.8 -0.47724
-1.9 -0.50548
-2 -0.53574
-2.1 -0.56818
-2.2 -0.60293
-2.3 -0.64053
-2.4 -0.67906
-2.5 -0.7174
-2.6 -0.75519
-2.7 -0.78319
-2.8 -0.80682
-2.9 -0.82683
-3 -0.84441
-3.1 -0.86217
-3.2 -0.8781
-3.3 -0.89267
-3.4 -0.90908
-3.5 -0.92468
-3.6 -0.94006
-3.7 -0.95321
-3.8 -0.9665
-3.9 -0.97974
-4 -0.99401
-4.1 -1.0064
-4.2 -1.01746
-4.3 -1.0306
-4.4 -1.04069
-4.5 -1.05463
-4.6 -1.06656
-4.7 -1.07599
-4.8 -1.08433
-4.9 -1.09533
-5 -1.10633
-5.1 -1.11622
-5.2 -0.96622
-5.1 -0.85305
-5 -0.64136
-4.9 -0.51548
-4.8 -0.42367
-4.7 -0.35122
-4.6 -0.29291
-4.5 -0.24559
-4.4 -0.20625
-4.3 -0.17344
-4.2 -0.14479
-4.1 -0.12077
-4 -0.10228
-3.9 -0.08409
-3.8 -0.06523
-3.7 -0.04918
-3.6 -0.04195
-3.5 -0.03981
-3.4 -0.03932
-3.3 -0.03898
-3.2 -0.03833
-3.1 -0.03446
-3 -0.02539
-2.9 -0.01043
-2.8 7.02E-04
-2.7 0.0092
-2.6 0.01781
-2.5 0.02618
-2.4 0.03347
-2.3 0.03734
-2.2 0.04203
-2.1 0.04714
-2 0.05279
-1.9 0.0578
-1.8 0.06217
-1.7 0.06661
-1.6 0.07189
-1.5 0.07744
-1.4 0.08288
-1.3 0.08822
-1.2 0.09389
-1.1 0.09912
-1 0.10461
-0.9 0.10971
-0.8 0.11456
-0.7 0.11989
-0.6 0.12502
-0.5 0.12988
-0.4 0.13507
-0.3 0.14019
-0.2 0.14536
-0.1 0.15021
0 0.1552
0.1 0.15976
0.2 0.16503
0.3 0.17019
0.4 0.17605
0.5 0.18199
0.6 0.18839
0.7 0.19501
0.8 0.20166
0.9 0.20865
1 0.21564
1.1 0.2231
1.2 0.23094
1.3 0.23912
1.4 0.24741
1.5 0.25621
1.6 0.26528
1.7 0.27466
1.8 0.28544
1.9 0.29641
2 0.30804
2.1 0.32039
2.2 0.3334
2.3 0.34725
2.4 0.36202
2.5 0.37709
2.6 0.39284
2.7 0.40979
2.8 0.42786
2.9 0.44685
3 0.46663
3.1 0.48788
3.2 0.50981
3.3 0.53273
3.4 0.55681
3.5 0.58115
3.6 0.60698
3.7 0.6335
3.8 0.66116
3.9 0.68995
4 0.72004
4.1 0.75101
4.2 0.78311
4.3 0.81613
4.4 0.85038
4.5 0.88563
4.6 0.9216
4.7 0.95796
4.8 0.9936
4.9 1.02818
5 1.06203
5.1 1.09563
5.2 0.89161
5.1 0.89759
5 0.6975
4.9 0.55956
4.8 0.46429
4.7 0.3909
4.6 0.33137
4.5 0.28112
4.4 0.23789
4.3 0.20103
4.2 0.16864
4.1 0.14032
4 0.11548
3.9 0.09291
3.8 0.07367
3.7 0.05648
3.6 0.0458
3.5 0.03956
3.4 0.02734
3.3 0.0199
3.2 0.00647
3.1 -0.00302
3 -0.01333
2.9 -0.02221
2.8 -0.02948
2.7 -0.03247
2.6 -0.03527
2.5 -0.03764
2.4 -0.03985
2.3 -0.04017
2.2 -0.04359
2.1 -0.04841
2 -0.05319
1.9 -0.05706
1.8 -0.06131
1.7 -0.0666
1.6 -0.07103
1.5 -0.0756
1.4 -0.08031
1.3 -0.08465
1.2 -0.08898
1.1 -0.09397
1 -0.09881
0.9 -0.1038
0.8 -0.10851
0.7 -0.1132
0.6 -0.1177
0.5 -0.12223
0.4 -0.12687
0.3 -0.13125
0.2 -0.13558
0.1 -0.13962
0 -0.14383
-0.1 -0.14798
-0.2 -0.15158
-0.3 -0.15549
-0.4 -0.15935
-0.5 -0.1634
-0.6 -0.16764
-0.7 -0.17206
-0.8 -0.17685
-0.9 -0.1818
-1 -0.1869
-1.1 -0.19252
-1.2 -0.19841
-1.3 -0.20449
-1.4 -0.21099
-1.5 -0.21803
-1.6 -0.22526
-1.7 -0.23338
-1.8 -0.24167
-1.9 -0.25051
-2 -0.25989
-2.1 -0.26988
-2.2 -0.28066
-2.3 -0.29216
-2.4 -0.30438
-2.5 -0.31759
-2.6 -0.33086
-2.7 -0.34485
-2.8 -0.35962
-2.9 -0.37495
-3 -0.39141
-3.1 -0.40881
-3.2 -0.42762
-3.3 -0.44825
-3.4 -0.4699
-3.5 -0.49255
-3.6 -0.51618
-3.7 -0.54082
-3.8 -0.56716
-3.9 -0.59476
-4 -0.62358
-4.1 -0.65367
-4.2 -0.6851
-4.3 -0.71763
-4.4 -0.75143
-4.5 -0.78565
-4.6 -0.82243
-4.7 -0.85958
-4.8 -0.89584
-4.9 -0.93125
-5 -0.96501
-5.1 -0.99684
-5.2 -0.86059
-5.1 -0.77627
-5 -0.59035
-4.9 -0.47833
-4.8 -0.39404
-4.7 -0.32768
-4.6 -0.27428
-4.5 -0.23079
-4.4 -0.19421
-4.3 -0.16326
-4.2 -0.13628
-4.1 -0.11365
-4 -0.09787
-3.9 -0.08073
-3.8 -0.0632
-3.7 -0.04961
-3.6 -0.04213
-3.5 -0.03978
-3.4 -0.0395
-3.3 -0.03911
-3.2 -0.0385
-3.1 -0.03411
-3 -0.02533
-2.9 -0.0124
-2.8 -0.00143
-2.7 0.00674
-2.6 0.01385
-2.5 0.02147
-2.4 0.02819
-2.3 0.03376
-2.2 0.03668
-2.1 0.04061
-2 0.04554
-1.9 0.05067
-1.8 0.05543
-1.7 0.05943
-1.6 0.06376
-1.5 0.06826
-1.4 0.07307
-1.3 0.07782
-1.2 0.08273
-1.1 0.08782
-1 0.09267
-0.9 0.09734
-0.8 0.10217
-0.7 0.10676
-0.6 0.11153
-0.5 0.116
-0.4 0.12026
-0.3 0.12454
-0.2 0.12859
-0.1 0.13292
0 0.13681
0.1 0.14101
0.2 0.14548
0.3 0.14976
0.4 0.15398
0.5 0.15882
0.6 0.16381
0.7 0.16922
0.8 0.17483
0.9 0.18056
1 0.18625
1.1 0.19206
1.2 0.19839
1.3 0.20505
1.4 0.21161
1.5 0.21882
1.6 0.22636
1.7 0.23458
1.8 0.24338
1.9 0.2525
2 0.26257
2.1 0.27283
2.2 0.28397
2.3 0.29571
2.4 0.30802
2.5 0.32091
2.6 0.3343
2.7 0.34811
2.8 0.36339
2.9 0.37979
3 0.39654
3.1 0.41477
3.2 0.43372
3.3 0.45393
3.4 0.47518
3.5 0.49692
3.6 0.5201
3.7 0.54397
3.8 0.56933
3.9 0.59631
4 0.62455
4.1 0.65407
4.2 0.6852
4.3 0.71735
4.4 0.75197
4.5 0.78798
4.6 0.82532
4.7 0.86464
4.8 0.90417
4.9 0.94442
5 0.98526
5.1 1.02525
5.2 0.98565
5.1 0.84058
5 0.6496
4.9 0.5232
4.8 0.43554
4.7 0.36682
4.6 0.31167
4.5 0.26491
4.4 0.22515
4.3 0.19074
4.2 0.16075
4.1 0.13423
4 0.11077
3.9 0.08956
3.8 0.07083
3.7 0.05453
3.6 0.04461
3.5 0.0391
3.4 0.02734
3.3 0.02017
3.2 0.00819
3.1 -7.35E-04
3 -0.01003
2.9 -0.01829
2.8 -0.02635
2.7 -0.03107
2.6 -0.03356
2.5 -0.03565
2.4 -0.03732
2.3 -0.03882
2.2 -0.04003
2.1 -0.04539
2 -0.04772
1.9 -0.05145
1.8 -0.05488
1.7 -0.05869
1.6 -0.06303
1.5 -0.06711
1.4 -0.07102
1.3 -0.07503
1.2 -0.07945
1.1 -0.08325
1 -0.08768
0.9 -0.09193
0.8 -0.09652
0.7 -0.10069
0.6 -0.10503
0.5 -0.10968
0.4 -0.11419
0.3 -0.11853
0.2 -0.12277
0.1 -0.12611
0 -0.12994
-0.1 -0.13369
-0.2 -0.1381
-0.3 -0.14211
-0.4 -0.14635
-0.5 -0.15069
-0.6 -0.15519
-0.7 -0.15959
-0.8 -0.16394
-0.9 -0.16858
-1 -0.17302
-1.1 -0.17801
-1.2 -0.18334
-1.3 -0.18811
-1.4 -0.19377
-1.5 -0.19943
-1.6 -0.20534
-1.7 -0.21186
-1.8 -0.21813
-1.9 -0.22529
-2 -0.23302
-2.1 -0.24113
-2.2 -0.24978
-2.3 -0.25896
-2.4 -0.26863
-2.5 -0.27912
-2.6 -0.28996
-2.7 -0.30124
-2.8 -0.3134
-2.9 -0.3263
-3 -0.33997
-3.1 -0.35474
-3.2 -0.37059
-3.3 -0.3882
-3.4 -0.40685
-3.5 -0.42686
-3.6 -0.4486
-3.7 -0.47143
-3.8 -0.49567
-3.9 -0.52123
-4 -0.54756
-4.1 -0.5759
-4.2 -0.60545
-4.3 -0.63664
-4.4 -0.66962
-4.5 -0.70361
-4.6 -0.73965
-4.7 -0.77731
-4.8 -0.8152
-4.9 -0.85434
-5 -0.89375
-5.1 -0.93301
-5.2 -0.72605
-5.1 -0.72941
-5 -0.55618
-4.9 -0.45129
-4.8 -0.37232
-4.7 -0.30985
-4.6 -0.25999
-4.5 -0.21917
-4.4 -0.18485
-4.3 -0.15578
-4.2 -0.13007
-4.1 -0.10975
-4 -0.09369
-3.9 -0.07735
-3.8 -0.06039
-3.7 -0.04923
-3.6 -0.04195
-3.5 -0.0395
-3.4 -0.0395
-3.3 -0.03867
-3.2 -0.03832
-3.1 -0.03293
-3 -0.02321
-2.9 -0.01195
-2.8 -0.00287
-2.7 0.00581
-2.6 0.0126
-2.5 0.01972
-2.4 0.02617
-2.3 0.03177
-2.2 0.03515
-2.1 0.03878
-2 0.04259
-1.9 0.04761
-1.8 0.05243
-1.7 0.05674
-1.6 0.06074
-1.5 0.06507
-1.4 0.06942
-1.3 0.07437
-1.2 0.07903
-1.1 0.08387
-1 0.08824
-0.9 0.09259
-0.8 0.09721
-0.7 0.10156
-0.6 0.10572
-0.5 0.10992
-0.4 0.11409
-0.3 0.11809
-0.2 0.12209
-0.1 0.12593
0 0.13009
0.1 0.13359
0.2 0.13742
0.3 0.14142
0.4 0.14559
0.5 0.1501
0.6 0.15489
0.7 0.16005
0.8 0.16551
0.9 0.17062
1 0.17625
1.1 0.18173
1.2 0.18773
1.3 0.19341
1.4 0.19955
1.5 0.20573
1.6 0.21256
1.7 0.21974
1.8 0.22736
1.9 0.23553
2 0.24437
2.1 0.25339
2.2 0.26338
2.3 0.27417
2.4 0.28516
2.5 0.29666
2.6 0.30862
2.7 0.32095
2.8 0.3348
2.9 0.34925
3 0.36465
3.1 0.38155
3.2 0.39905
3.3 0.41751
3.4 0.43745
3.5 0.45814
3.6 0.47997
3.7 0.50305
3.8 0.52751
3.9 0.55349
4 0.58078
4.1 0.60929
4.2 0.63922
4.3 0.67055
4.4 0.70382
4.5 0.7394
4.6 0.77605
4.7 0.81482
4.8 0.85497
4.9 0.89599
5 0.93899
5.1 0.98162
5.2 1.02307
5.3 1.05715
5.4 1.08665
5.5 1.11325
5.6 1.13656
5.7 1.15638
5.8 1.1739
5.9 1.19266
6 1.20917
6.1 1.22336
6.2 1.2354
6.3 1.2476
6.4 1.25769
6.5 1.26614
6.6 1.27747
6.7 1.28827
6.8 1.29927
6.9 1.30658
7 1.31518
7.1 1.32597
7.2 1.33463
7.3 1.34269
7.4 1.35059
7.5 1.35625
7.6 1.36428
7.7 1.3675
7.8 0.89487
7.7 1.07829
7.6 0.86302
7.5 0.70203
7.4 0.58793
7.3 0.50259
7.2 0.43275
7.1 0.37458
7 0.32594
6.9 0.28394
6.8 0.24726
6.7 0.21453
6.6 0.18557
6.5 0.15989
6.4 0.13672
6.3 0.11626
6.2 0.0976
6.1 0.08081
6 0.06514
5.9 0.05158
5.8 0.0445
5.7 0.037
5.6 0.02669
5.5 0.01881
5.4 0.01012
5.3 -3.41E-04
5.2 -0.00804
5.1 -0.01651
5 -0.02366
4.9 -0.02761
4.8 -0.03017
4.7 -0.03244
4.6 -0.03403
4.5 -0.03603
4.4 -0.03815
4.3 -0.0428
4.2 -0.04891
4.1 -0.05332
4 -0.05708
3.9 -0.06042
3.8 -0.06387
3.7 -0.06753
3.6 -0.07096
3.5 -0.0743
3.4 -0.07799
3.3 -0.08153
3.2 -0.0853
3.1 -0.08889
3 -0.09297
2.9 -0.09697
2.8 -0.10087
2.7 -0.10456
2.6 -0.10811
2.5 -0.11163
2.4 -0.1152
2.3 -0.1188
2.2 -0.12206
2.1 -0.12489
2 -0.1278
1.9 -0.13056
1.8 -0.13353
1.7 -0.13615
1.6 -0.13858
1.5 -0.14101
1.4 -0.14348
1.3 -0.14582
1.2 -0.14825
1.1 -0.15091
1 -0.15332
0.9 -0.15608
0.8 -0.15899
0.7 -0.16191
0.6 -0.16491
0.5 -0.16773
0.4 -0.17048
0.3 -0.17332
0.2 -0.17591
0.1 -0.17848
0 -0.18089
-0.1 -0.18339
-0.2 -0.18596
-0.3 -0.18865
-0.4 -0.19156
-0.5 -0.19456
-0.6 -0.19732
-0.7 -0.2003
-0.8 -0.20356
-0.9 -0.2068
-1 -0.21035
-1.1 -0.2138
-1.2 -0.2177
-1.3 -0.22194
-1.4 -0.22623
-1.5 -0.23071
-1.6 -0.23504
-1.7 -0.23994
-1.8 -0.24495
-1.9 -0.25038
-2 -0.25611
-2.1 -0.26219
-2.2 -0.2688
-2.3 -0.27543
-2.4 -0.2826
-2.5 -0.29043
-2.6 -0.29876
-2.7 -0.30783
-2.8 -0.31757
-2.9 -0.32816
-3 -0.3394
-3.1 -0.35155
-3.2 -0.36428
-3.3 -0.37825
-3.4 -0.39295
-3.5 -0.40842
-3.6 -0.4253
-3.7 -0.44288
-3.8 -0.46161
-3.9 -0.48163
-4 -0.50218
-4.1 -0.52439
-4.2 -0.54813
-4.3 -0.57269
-4.4 -0.59854
-4.5 -0.62535
-4.6 -0.65368
-4.7 -0.68284
-4.8 -0.71276
-4.9 -0.74391
-5 -0.77468
-5.1 -0.80493
-5.2 -0.83325
-5.3 -0.85697
-5.4 -0.87777
-5.5 -0.89645
-5.6 -0.91253
-5.7 -0.92959
-5.8 -0.94538
-5.9 -0.95969
-6 -0.97424
-6.1 -0.98545
-6.2 -0.99694
-6.3 -1.01087
-6.4 -1.02284
-6.5 -1.03566
-6.6 -1.04707
-6.7 -1.05771
-6.8 -1.0693
-6.9 -1.08111
-7 -1.09106
-7.1 -1.10165
-7.2 -1.10931
-7.3 -1.11628
-7.4 -1.12514
-7.5 -1.13294
-7.6 -1.13741
-7.7 -1.1457
-7.8 -0.95909
-7.7 -0.94565
-7.6 -0.74453
-7.5 -0.61766
-7.4 -0.52204
-7.3 -0.44439
-7.2 -0.38044
-7.1 -0.32653
-7 -0.28103
-6.9 -0.24208
-6.8 -0.20783
-6.7 -0.1782
-6.6 -0.15174
-6.5 -0.12775
-6.4 -0.10778
-6.3 -0.09174
-6.2 -0.07618
-6.1 -0.06152
-6 -0.05053
-5.9 -0.04574
-5.8 -0.04206
-5.7 -0.0401
-5.6 -0.03928
-5.5 -0.03799
-5.4 -0.03144
-5.3 -0.0212
-5.2 -0.01295
-5.1 -0.00526
-5 0.00249
-4.9 0.00948
-4.8 0.01673
-4.7 0.02313
-4.6 0.02793
-4.5 0.03163
-4.4 0.03584
-4.3 0.04104
-4.2 0.04516
-4.1 0.04969
-4 0.05381
-3.9 0.05766
-3.8 0.06165
-3.7 0.06501
-3.6 0.06865
-3.5 0.07208
-3.4 0.07499
-3.3 0.07815
-3.2 0.08165
-3.1 0.08497
-3 0.0881
-2.9 0.09114
-2.8 0.09424
-2.7 0.09732
-2.6 0.1003
-2.5 0.10332
-2.4 0.1063
-2.3 0.10915
-2.2 0.1123
-2.1 0.11497
-2 0.11791
-1.9 0.12026
-1.8 0.12276
-1.7 0.12515
-1.6 0.12759
-1.5 0.13008
-1.4 0.13258
-1.3 0.13447
-1.2 0.13657
-1.1 0.13897
-1 0.14108
-0.9 0.1433
-0.8 0.14541
-0.7 0.14768
-0.6 0.14974
-0.5 0.15175
-0.4 0.15402
-0.3 0.15593
-0.2 0.15824
-0.1 0.16032
0 0.16258
0.1 0.16474
0.2 0.16691
0.3 0.16908
0.4 0.17109
0.5 0.17341
0.6 0.1756
0.7 0.17808
0.8 0.18065
0.9 0.18313
1 0.18548
1.1 0.18824
1.2 0.19091
1.3 0.19326
1.4 0.19591
1.5 0.19832
1.6 0.20091
1.7 0.2038
1.8 0.20657
1.9 0.20925
2 0.21214
2.1 0.21516
2.2 0.21832
2.3 0.2216
2.4 0.22515
2.5 0.2291
2.6 0.23316
2.7 0.23732
2.8 0.24132
2.9 0.24582
3 0.25022
3.1 0.25499
3.2 0.26015
3.3 0.26551
3.4 0.27089
3.5 0.27707
3.6 0.28299
3.7 0.28941
3.8 0.29628
3.9 0.30407
4 0.31181
4.1 0.3195
4.2 0.32813
4.3 0.33683
4.4 0.3459
4.5 0.3564
4.6 0.36715
4.7 0.37873
4.8 0.39056
4.9 0.40289
5 0.41574
5.1 0.42932
5.2 0.44349
5.3 0.45832
5.4 0.47372
5.5 0.49006
5.6 0.50741
5.7 0.52545
5.8 0.54504
5.9 0.56589
6 0.58773
6.1 0.61046
6.2 0.63385
6.3 0.65832
6.4 0.68324
6.5 0.70888
6.6 0.73595
6.7 0.76358
6.8 0.79147
6.9 0.8203
7 0.8492
7.1 0.87886
7.2 0.90849
7.3 0.93749
7.4 0.96628
7.5 0.99336
7.6 1.0202
7.7 1.04637
7.8 0.92613
7.7 0.90289
7.6 0.73539
7.5 0.61781
7.4 0.52819
7.3 0.4555
7.2 0.39491
7.1 0.34401
7 0.30044
6.9 0.26256
6.8 0.22973
6.7 0.20015
6.6 0.17361
6.5 0.15019
6.4 0.12883
6.3 0.10962
6.2 0.09256
6.1 0.077
6 0.06319
5.9 0.055
5.8 0.04746
5.7 0.03516
5.6 0.02549
5.5 0.01812
5.4 0.01028
5.3 0.00299
5.2 -0.00535
5.1 -0.0116
5 -0.01804
4.9 -0.02321
4.8 -0.02614
4.7 -0.02847
4.6 -0.03037
4.5 -0.0322
4.4 -0.03387
4.3 -0.03593
4.2 -0.04136
4.1 -0.04394
4 -0.04776
3.9 -0.05133
3.8 -0.05412
3.7 -0.05661
3.6 -0.05911
3.5 -0.06131
3.4 -0.06336
3.3 -0.06629
3.2 -0.06925
3.1 -0.07168
3 -0.07448
2.9 -0.07736
2.8 -0.08008
2.7 -0.08305
2.6 -0.08574
2.5 -0.08872
2.4 -0.09186
2.3 -0.09529
2.2 -0.09838
2.1 -0.10159
2 -0.10505
1.9 -0.10829
1.8 -0.11148
1.7 -0.11479
1.6 -0.11764
1.5 -0.12038
1.4 -0.12312
1.3 -0.12581
1.2 -0.12841
1.1 -0.13108
1 -0.13348
0.9 -0.13598
0.8 -0.13865
0.7 -0.14112
0.6 -0.14371
0.5 -0.14607
0.4 -0.14838
0.3 -0.15067
0.2 -0.15312
0.1 -0.15548
0 -0.15789
-0.1 -0.16008
-0.2 -0.16258
-0.3 -0.16491
-0.4 -0.16708
-0.5 -0.16948
-0.6 -0.17165
-0.7 -0.17395
-0.8 -0.17624
-0.9 -0.17858
-1 -0.18108
-1.1 -0.18331
-1.2 -0.18567
-1.3 -0.18812
-1.4 -0.19022
-1.5 -0.19238
-1.6 -0.19467
-1.7 -0.19684
-1.8 -0.19941
-1.9 -0.20188
-2 -0.20455
-2.1 -0.20708
-2.2 -0.20984
-2.3 -0.21258
-2.4 -0.21512
-2.5 -0.21788
-2.6 -0.22072
-2.7 -0.22362
-2.8 -0.22699
-2.9 -0.23032
-3 -0.23358
-3.1 -0.23705
-3.2 -0.24055
-3.3 -0.24426
-3.4 -0.2481
-3.5 -0.25226
-3.6 -0.25656
-3.7 -0.26106
-3.8 -0.26596
-3.9 -0.27127
-4 -0.27679
-4.1 -0.28303
-4.2 -0.28944
-4.3 -0.29627
-4.4 -0.30377
-4.5 -0.31171
-4.6 -0.32056
-4.7 -0.33023
-4.8 -0.34029
-4.9 -0.35144
-5 -0.3635
-5.1 -0.37581
-5.2 -0.38949
-5.3 -0.40382
-5.4 -0.41902
-5.5 -0.43562
-5.6 -0.45269
-5.7 -0.47132
-5.8 -0.49069
-5.9 -0.51069
-6 -0.53233
-6.1 -0.5547
-6.2 -0.57795
-6.3 -0.60217
-6.4 -0.62681
-6.5 -0.65246
-6.6 -0.67913
-6.7 -0.70661
-6.8 -0.73532
-6.9 -0.7642
-7 -0.79352
-7.1 -0.82392
-7.2 -0.85322
-7.3 -0.88329
-7.4 -0.91329
-7.5 -0.94312
-7.6 -0.97273
-7.7 -1.00042
-7.8 -0.86977
-7.7 -0.84236
-7.6 -0.66878
-7.5 -0.55611
-7.4 -0.46939
-7.3 -0.39892
-7.2 -0.34129
-7.1 -0.29281
-7 -0.25165
-6.9 -0.21668
-6.8 -0.18583
-6.7 -0.15875
-6.6 -0.1346
-6.5 -0.11337
-6.4 -0.0971
-6.3 -0.08108
-6.2 -0.06651
-6.1 -0.05586
-6 -0.04984
-5.9 -0.04588
-5.8 -0.04223
-5.7 -0.03963
-5.6 -0.03806
-5.5 -0.03251
-5.4 -0.02343
-5.3 -0.01562
-5.2 -0.00882
-5.1 -0.00237
-5 0.00436
-4.9 0.01075
-4.8 0.01686
-4.7 0.02235
-4.6 0.0266
-4.5 0.02946
-4.4 0.03285
-4.3 0.03717
-4.2 0.04076
-4.1 0.04394
-4 0.04732
-3.9 0.05083
-3.8 0.0541
-3.7 0.0575
-3.6 0.06083
-3.5 0.06398
-3.4 0.06742
-3.3 0.07
-3.2 0.07275
-3.1 0.0756
-3 0.07859
-2.9 0.08161
-2.8 0.08465
-2.7 0.08765
-2.6 0.09048
-2.5 0.09317
-2.4 0.09611
-2.3 0.09894
-2.2 0.10183
-2.1 0.10425
-2 0.10675
-1.9 0.10931
-1.8 0.1115
-1.7 0.11431
-1.6 0.11643
-1.5 0.11859
-1.4 0.12092
-1.3 0.12292
-1.2 0.12492
-1.1 0.12681
-1 0.12886
-0.9 0.13075
-0.8 0.13258
-0.7 0.13427
-0.6 0.13625
-0.5 0.13825
-0.4 0.14009
-0.3 0.14181
-0.2 0.1436
-0.1 0.14558
0 0.14741
0.1 0.14908
0.2 0.15094
0.3 0.15276
0.4 0.15491
0.5 0.15669
0.6 0.15865
0.7 0.16071
0.8 0.16281
0.9 0.16509
1 0.16728
1.1 0.16944
1.2 0.17192
1.3 0.17409
1.4 0.17642
1.5 0.17859
1.6 0.18125
1.7 0.18342
1.8 0.18608
1.9 0.18859
2 0.19144
2.1 0.19442
2.2 0.19725
2.3 0.2
2.4 0.20315
2.5 0.20632
2.6 0.20965
2.7 0.21298
2.8 0.21644
2.9 0.21992
3 0.22334
3.1 0.22717
3.2 0.23123
3.3 0.23534
3.4 0.23984
3.5 0.24442
3.6 0.2495
3.7 0.25436
3.8 0.2596
3.9 0.26534
4 0.27105
4.1 0.27709
4.2 0.28375
4.3 0.2906
4.4 0.29796
4.5 0.30578
4.6 0.31397
4.7 0.32279
4.8 0.33187
4.9 0.34122
5 0.3517
5.1 0.36229
5.2 0.37427
5.3 0.38694
5.4 0.39984
5.5 0.41404
5.6 0.42906
5.7 0.44423
5.8 0.46082
5.9 0.47828
6 0.49699
6.1 0.51607
6.2 0.53628
6.3 0.55773
6.4 0.57965
6.5 0.60241
6.6 0.62672
6.7 0.6513
6.8 0.67733
6.9 0.70374
7 0.73092
7.1 0.75933
7.2 0.78849
7.3 0.8179
7.4 0.84821
7.5 0.87863
7.6 0.9082
7.7 0.93712
7.8 0.84482
7.7 0.81481
7.6 0.66945
7.5 0.56549
7.4 0.48513
7.3 0.41944
7.2 0.36427
7.1 0.31766
7 0.27781
6.9 0.24256
6.8 0.21137
6.7 0.18418
6.6 0.15953
6.5 0.13773
6.4 0.11819
6.3 0.10049
6.2 0.08464
6.1 0.07008
6 0.05891
5.9 0.05251
5.8 0.04184
5.7 0.03064
5.6 0.02237
5.5 0.01457
5.4 0.0073
5.3 1.56E-04
5.2 -0.00708
5.1 -0.01241
5 -0.0177
4.9 -0.02263
4.8 -0.02562
4.7 -0.02796
4.6 -0.02969
4.5 -0.03152
4.4 -0.03319
4.3 -0.03426
4.2 -0.03635
4.1 -0.04046
4 -0.04293
3.9 -0.04567
3.8 -0.04875
3.7 -0.05106
3.6 -0.05323
3.5 -0.05518
3.4 -0.05748
3.3 -0.05953
3.2 -0.06154
3.1 -0.0647
3 -0.06753
2.9 -0.06984
2.8 -0.07244
2.7 -0.07511
2.6 -0.07811
2.5 -0.08058
2.4 -0.08342
2.3 -0.08659
2.2 -0.08951
2.1 -0.09257
2 -0.09521
1.9 -0.09804
1.8 -0.10099
1.7 -0.10416
1.6 -0.10708
1.5 -0.10978
1.4 -0.11258
1.3 -0.11522
1.2 -0.11761
1.1 -0.12007
1 -0.12241
0.9 -0.12496
0.8 -0.12724
0.7 -0.12978
0.6 -0.1322
0.5 -0.13461
0.4 -0.13717
0.3 -0.13968
0.2 -0.14211
0.1 -0.14467
0 -0.14694
-0.1 -0.14937
-0.2 -0.15161
-0.3 -0.1539
-0.4 -0.15611
-0.5 -0.15828
-0.6 -0.16023
-0.7 -0.16244
-0.8 -0.16453
-0.9 -0.16674
-1 -0.16911
-1.1 -0.17128
-1.2 -0.1737
-1.3 -0.17581
-1.4 -0.17811
-1.5 -0.18044
-1.6 -0.18254
-1.7 -0.18487
-1.8 -0.18721
-1.9 -0.18967
-2 -0.19221
-2.1 -0.19487
-2.2 -0.19734
-2.3 -0.19986
-2.4 -0.20249
-2.5 -0.20511
-2.6 -0.20784
-2.7 -0.21051
-2.8 -0.21354
-2.9 -0.21647
-3 -0.21958
-3.1 -0.22244
-3.2 -0.22575
-3.3 -0.22908
-3.4 -0.2325
-3.5 -0.23617
-3.6 -0.24008
-3.7 -0.24396
-3.8 -0.24788
-3.9 -0.25218
-4 -0.25665
-4.1 -0.26134
-4.2 -0.26636
-4.3 -0.27163
-4.4 -0.27726
-4.5 -0.28349
-4.6 -0.2898
-4.7 -0.29668
-4.8 -0.30429
-4.9 -0.31248
-5 -0.32181
-5.1 -0.33142
-5.2 -0.34209
-5.3 -0.35323
-5.4 -0.36515
-5.5 -0.37846
-5.6 -0.39196
-5.7 -0.40674
-5.8 -0.42239
-5.9 -0.43866
-6 -0.45653
-6.1 -0.47583
-6.2 -0.49642
-6.3 -0.51781
-6.4 -0.54008
-6.5 -0.56374
-6.6 -0.5882
-6.7 -0.61328
-6.8 -0.64052
-6.9 -0.668
-7 -0.697
-7.1 -0.72754
-7.2 -0.75805
-7.3 -0.79028
-7.4 -0.82308
-7.5 -0.85623
-7.6 -0.89008
-7.7 -0.92301
-7.8 -0.79622
-7.7 -0.78596
-7.6 -0.62466
-7.5 -0.52032
-7.4 -0.43839
-7.3 -0.3716
-7.2 -0.31761
-7.1 -0.27182
-7 -0.23327
-6.9 -0.20022
-6.8 -0.17104
-6.7 -0.14581
-6.6 -0.12335
-6.5 -0.10455
-6.4 -0.09006
-6.3 -0.07392
-6.2 -0.06169
-6.1 -0.05296
-6 -0.04839
-5.9 -0.04453
-5.8 -0.04108
-5.7 -0.03928
-5.6 -0.03657
-5.5 -0.02852
-5.4 -0.01995
-5.3 -0.01339
-5.2 -0.00676
-5.1 -3.33E-04
-5 0.00555
-4.9 0.01125
-4.8 0.01658
-4.7 0.02152
-4.6 0.02504
-4.5 0.02789
-4.4 0.0307
-4.3 0.03434
-4.2 0.03741
-4.1 0.04049
-4 0.04385
-3.9 0.04702
-3.8 0.04987
-3.7 0.05287
-3.6 0.05589
-3.5 0.05874
-3.4 0.06159
-3.3 0.0647
-3.2 0.06724
-3.1 0.0697
-3 0.07253
-2.9 0.07523
-2.8 0.07807
-2.7 0.08076
-2.6 0.08373
-2.5 0.08655
-2.4 0.08924
-2.3 0.09185
-2.2 0.09441
-2.1 0.09707
-2 0.0996
-1.9 0.10237
-1.8 0.1049
-1.7 0.10743
-1.6 0.1097
-1.5 0.11187
-1.4 0.11372
-1.3 0.11576
-1.2 0.11785
-1.1 0.1197
-1 0.12169
-0.9 0.12383
-0.8 0.1257
-0.7 0.12756
-0.6 0.12941
-0.5 0.13123
-0.4 0.13307
-0.3 0.13472
-0.2 0.13656
-0.1 0.13822
0 0.13984
0.1 0.14154
0.2 0.1432
0.3 0.14487
0.4 0.14654
0.5 0.14823
0.6 0.15023
0.7 0.15222
0.8 0.15418
0.9 0.15641
1 0.15835
1.1 0.1604
1.2 0.16251
1.3 0.16468
1.4 0.1667
1.5 0.1687
1.6 0.17107
1.7 0.17334
1.8 0.17571
1.9 0.17787
2 0.18037
2.1 0.18287
2.2 0.18537
2.3 0.18774
2.4 0.19052
2.5 0.19324
2.6 0.19589
2.7 0.19876
2.8 0.20187
2.9 0.20493
3 0.20824
3.1 0.2117
3.2 0.21507
3.3 0.21861
3.4 0.22274
3.5 0.22657
3.6 0.23076
3.7 0.23504
3.8 0.23929
3.9 0.24405
4 0.24874
4.1 0.25358
4.2 0.2588
4.3 0.26397
4.4 0.26974
4.5 0.27608
4.6 0.28263
4.7 0.28979
4.8 0.29732
4.9 0.30546
5 0.31427
5.1 0.32349
5.2 0.33365
5.3 0.34436
5.4 0.35554
5.5 0.36799
5.6 0.38071
5.7 0.39422
5.8 0.40907
5.9 0.4244
6 0.44102
6.1 0.45841
6.2 0.47675
6.3 0.49643
6.4 0.51694
6.5 0.53796
6.6 0.56017
6.7 0.5833
6.8 0.60736
6.9 0.63283
7 0.65937
7.1 0.68737
7.2 0.71645
7.3 0.74673
7.4 0.7781
7.5 0.8096
7.6 0.84199
7.7 0.87431
7.8 0.90482
7.9 0.93195
8 0.95772
8.1 0.98152
8.2 1.00318
8.3 1.0234
8.4 1.04302
8.5 1.06102
8.6 1.07713
8.7 1.09251
8.8 1.1076
8.9 1.11875
9 1.12821
9.1 1.13065
9.2 1.13819
9.3 1.14569
9.4 1.15218
9.5 1.15695
9.6 1.16019
9.7 1.16415
9.8 1.16761
9.9 1.16877
10 1.16895
10.1 1.16931
10.2 1.1679
10.3 1.1686
10.2 0.85995
10.1 0.73245
10 0.63368
9.9 0.55084
9.8 0.4801
9.7 0.41969
9.6 0.36747
9.5 0.32174
9.4 0.28227
9.3 0.24736
9.2 0.21596
9.1 0.18838
9 0.16369
8.9 0.14119
8.8 0.12099
8.7 0.10277
8.6 0.0861
8.5 0.07125
8.4 0.05793
8.3 0.05075
8.2 0.04215
8.1 0.03248
8 0.02225
7.9 0.01556
7.8 0.00795
7.7 -1.92E-04
7.6 -0.00807
7.5 -0.0139
7.4 -0.02017
7.3 -0.02427
7.2 -0.02698
7.1 -0.02898
7 -0.03098
6.9 -0.03278
6.8 -0.03525
6.7 -0.03901
6.6 -0.04495
6.5 -0.04858
6.4 -0.05291
6.3 -0.05642
6.2 -0.05863
6.1 -0.06094
6 -0.06282
5.9 -0.06465
5.8 -0.06645
5.7 -0.06863
5.6 -0.0713
5.5 -0.07381
5.4 -0.07547
5.3 -0.07763
5.2 -0.07949
5.1 -0.08163
5 -0.08347
4.9 -0.08532
4.8 -0.08717
4.7 -0.08928
4.6 -0.0913
4.5 -0.09314
4.4 -0.09497
4.3 -0.0968
4.2 -0.09881
4.1 -0.101
4 -0.10315
3.9 -0.1058
3.8 -0.10813
3.7 -0.11031
3.6 -0.11278
3.5 -0.11494
3.4 -0.11731
3.3 -0.11947
3.2 -0.12181
3.1 -0.12381
3 -0.12613
2.9 -0.12814
2.8 -0.13014
2.7 -0.13214
2.6 -0.13413
2.5 -0.13614
2.4 -0.13783
2.3 -0.13967
2.2 -0.14161
2.1 -0.14347
2 -0.14531
1.9 -0.14698
1.8 -0.14867
1.7 -0.15031
1.6 -0.15148
1.5 -0.15313
1.4 -0.15452
1.3 -0.15618
1.2 -0.15798
1.1 -0.15964
1 -0.161
0.9 -0.16246
0.8 -0.1638
0.7 -0.165
0.6 -0.16646
0.5 -0.16767
0.4 -0.16917
0.3 -0.1705
0.2 -0.17197
0.1 -0.17366
0 -0.17484
-0.1 -0.17633
-0.2 -0.17797
-0.3 -0.17947
-0.4 -0.18097
-0.5 -0.18234
-0.6 -0.184
-0.7 -0.1858
-0.8 -0.18714
-0.9 -0.18881
-1 -0.19047
-1.1 -0.19214
-1.2 -0.19381
-1.3 -0.19547
-1.4 -0.19714
-1.5 -0.19884
-1.6 -0.20081
-1.7 -0.2025
-1.8 -0.20447
-1.9 -0.20618
-2 -0.20831
-2.1 -0.21016
-2.2 -0.21217
-2.3 -0.21462
-2.4 -0.21683
-2.5 -0.21902
-2.6 -0.22148
-2.7 -0.22413
-2.8 -0.22647
-2.9 -0.22899
-3 -0.23132
-3.1 -0.23413
-3.2 -0.23679
-3.3 -0.23947
-3.4 -0.24231
-3.5 -0.24514
-3.6 -0.24815
-3.7 -0.25133
-3.8 -0.25463
-3.9 -0.25815
-4 -0.26166
-4.1 -0.26561
-4.2 -0.26961
-4.3 -0.27363
-4.4 -0.27827
-4.5 -0.28295
-4.6 -0.28825
-4.7 -0.29362
-4.8 -0.29958
-4.9 -0.30562
-5 -0.31256
-5.1 -0.31959
-5.2 -0.3274
-5.3 -0.3354
-5.4 -0.34408
-5.5 -0.35368
-5.6 -0.36385
-5.7 -0.375
-5.8 -0.38704
-5.9 -0.39986
-6 -0.4135
-6.1 -0.42798
-6.2 -0.4435
-6.3 -0.46
-6.4 -0.4773
-6.5 -0.49529
-6.6 -0.51444
-6.7 -0.53416
-6.8 -0.55516
-6.9 -0.57693
-7 -0.59946
-7.1 -0.62311
-7.2 -0.64688
-7.3 -0.67175
-7.4 -0.6971
-7.5 -0.72288
-7.6 -0.74941
-7.7 -0.77539
-7.8 -0.80077
-7.9 -0.82493
-8 -0.84677
-8.1 -0.86714
-8.2 -0.8866
-8.3 -0.90467
-8.4 -0.92184
-8.5 -0.93748
-8.6 -0.95231
-8.7 -0.96682
-8.8 -0.98066
-8.9 -0.99352
-9 -1.00502
-9.1 -1.01724
-9.2 -1.0254
-9.3 -1.0349
-9.4 -1.04437
-9.5 -1.05204
-9.6 -1.06182
-9.7 -1.07169
-9.8 -1.07852
-9.9 -1.08632
-10 -1.09467
-10.1 -1.1017
-10.2 -1.11084
-10.3 -1.11988
-10.2 -0.77559
-10.1 -0.65027
-10 -0.55404
-9.9 -0.47474
-9.8 -0.40858
-9.7 -0.35284
-9.6 -0.30563
-9.5 -0.26466
-9.4 -0.22855
-9.3 -0.19736
-9.2 -0.16932
-9.1 -0.14459
-9 -0.12253
-8.9 -0.10321
-8.8 -0.08921
-8.7 -0.07474
-8.6 -0.06021
-8.5 -0.05073
-8.4 -0.04641
-8.3 -0.04313
-8.2 -0.04025
-8.1 -0.0387
-8 -0.03665
-7.9 -0.02951
-7.8 -0.02203
-7.7 -0.0138
-7.6 -0.00669
-7.5 -2.50E-04
-7.4 0.00624
-7.3 0.01224
-7.2 0.01783
-7.1 0.02295
-7 0.02661
-6.9 0.02944
-6.8 0.03284
-6.7 0.03677
-6.6 0.04026
-6.5 0.04302
-6.4 0.04613
-6.3 0.04888
-6.2 0.0513
-6.1 0.05368
-6 0.05609
-5.9 0.05843
-5.8 0.06072
-5.7 0.06329
-5.6 0.0653
-5.5 0.06714
-5.4 0.06902
-5.3 0.07107
-5.2 0.07373
-5.1 0.07669
-5 0.07947
-4.9 0.08215
-4.8 0.08469
-4.7 0.08747
-4.6 0.08997
-4.5 0.09231
-4.4 0.09465
-4.3 0.09711
-4.2 0.09947
-4.1 0.1018
-4 0.10401
-3.9 0.1063
-3.8 0.10847
-3.7 0.11057
-3.6 0.11269
-3.5 0.11497
-3.4 0.11698
-3.3 0.11922
-3.2 0.12098
-3.1 0.1233
-3 0.1251
-2.9 0.12678
-2.8 0.1288
-2.7 0.13064
-2.6 0.13239
-2.5 0.13409
-2.4 0.1358
-2.3 0.13739
-2.2 0.13897
-2.1 0.14039
-2 0.14197
-1.9 0.14354
-1.8 0.14489
-1.7 0.14633
-1.6 0.14775
-1.5 0.14893
-1.4 0.15018
-1.3 0.15122
-1.2 0.15267
-1.1 0.15379
-1 0.15487
-0.9 0.15589
-0.8 0.15704
-0.7 0.15797
-0.6 0.15921
-0.5 0.16021
-0.4 0.16133
-0.3 0.16241
-0.2 0.16354
-0.1 0.16458
0 0.1655
0.1 0.16667
0.2 0.16762
0.3 0.16875
0.4 0.16971
0.5 0.17076
0.6 0.17179
0.7 0.17289
0.8 0.17389
0.9 0.17517
1 0.17625
1.1 0.17721
1.2 0.1783
1.3 0.17939
1.4 0.18067
1.5 0.18163
1.6 0.18292
1.7 0.18418
1.8 0.18522
1.9 0.18614
2 0.18746
2.1 0.18868
2.2 0.18972
2.3 0.19106
2.4 0.19226
2.5 0.19354
2.6 0.19488
2.7 0.19606
2.8 0.1973
2.9 0.19897
3 0.2003
3.1 0.20175
3.2 0.20322
3.3 0.20464
3.4 0.2063
3.5 0.20806
3.6 0.20979
3.7 0.21147
3.8 0.2133
3.9 0.21497
4 0.21697
4.1 0.21914
4.2 0.22097
4.3 0.22314
4.4 0.2253
4.5 0.22747
4.6 0.22964
4.7 0.23214
4.8 0.23447
4.9 0.23688
5 0.23947
5.1 0.2423
5.2 0.24494
5.3 0.24797
5.4 0.25109
5.5 0.2544
5.6 0.25777
5.7 0.26127
5.8 0.26518
5.9 0.269
6 0.27302
6.1 0.27777
6.2 0.2822
6.3 0.28702
6.4 0.29235
6.5 0.29758
6.6 0.3034
6.7 0.30943
6.8 0.31569
6.9 0.32253
7 0.32971
7.1 0.33728
7.2 0.34499
7.3 0.35344
7.4 0.36215
7.5 0.37107
7.6 0.38057
7.7 0.39069
7.8 0.40095
7.9 0.41198
8 0.42344
8.1 0.43529
8.2 0.44792
8.3 0.46142
8.4 0.47561
8.5 0.49038
8.6 0.50573
8.7 0.52189
8.8 0.53863
8.9 0.55584
9 0.57387
9.1 0.59222
9.2 0.61105
9.3 0.63056
9.4 0.64985
9.5 0.66993
9.6 0.69003
9.7 0.70961
9.8 0.7296
9.9 0.74902
10 0.76809
10.1 0.78689
10.2 0.8045
10.3 0.82125
10.2 0.59086
10.1 0.50525
10 0.43587
9.9 0.37825
9.8 0.3293
9.7 0.28793
9.6 0.25217
9.5 0.22083
9.4 0.19362
9.3 0.16892
9.2 0.14716
9.1 0.12748
9 0.10962
8.9 0.09386
8.8 0.07934
8.7 0.06632
8.6 0.05661
8.5 0.04925
8.4 0.04062
8.3 0.02985
8.2 0.02223
8.1 0.01576
8 0.00945
7.9 0.00224
7.8 -0.00488
7.7 -0.01014
7.6 -0.01585
7.5 -0.02117
7.4 -0.02553
7.3 -0.02758
7.2 -0.02915
7.1 -0.03089
7 -0.03248
6.9 -0.03391
6.8 -0.0375
6.7 -0.04105
6.6 -0.04402
6.5 -0.0469
6.4 -0.04975
6.3 -0.05255
6.2 -0.05496
6.1 -0.05724
6 -0.05888
5.9 -0.06032
5.8 -0.06172
5.7 -0.063
5.6 -0.06395
5.5 -0.06529
5.4 -0.06752
5.3 -0.06919
5.2 -0.07046
5.1 -0.07212
5 -0.07429
4.9 -0.07622
4.8 -0.07801
4.7 -0.08022
4.6 -0.08229
4.5 -0.08396
4.4 -0.08579
4.3 -0.08729
4.2 -0.08917
4.1 -0.09091
4 -0.09269
3.9 -0.0947
3.8 -0.09645
3.7 -0.09818
3.6 -0.10017
3.5 -0.10189
3.4 -0.10351
3.3 -0.10508
3.2 -0.10674
3.1 -0.10856
3 -0.11029
2.9 -0.11215
2.8 -0.11395
2.7 -0.11577
2.6 -0.11762
2.5 -0.11912
2.4 -0.12094
2.3 -0.12267
2.2 -0.12441
2.1 -0.12607
2 -0.12772
1.9 -0.12919
1.8 -0.13079
1.7 -0.13239
1.6 -0.13396
1.5 -0.13578
1.4 -0.13756
1.3 -0.13912
1.2 -0.14062
1.1 -0.14201
1 -0.14362
0.9 -0.14517
0.8 -0.14686
0.7 -0.14824
0.6 -0.14967
0.5 -0.15107
0.4 -0.15262
0.3 -0.15367
0.2 -0.15501
0.1 -0.15665
0 -0.15829
-0.1 -0.15967
-0.2 -0.16105
-0.3 -0.16241
-0.4 -0.16412
-0.5 -0.16557
-0.6 -0.16679
-0.7 -0.16843
-0.8 -0.16977
-0.9 -0.17127
-1 -0.17279
-1.1 -0.1741
-1.2 -0.17546
-1.3 -0.17667
-1.4 -0.17806
-1.5 -0.17955
-1.6 -0.18112
-1.7 -0.18279
-1.8 -0.18438
-1.9 -0.18595
-2 -0.18738
-2.1 -0.18877
-2.2 -0.19045
-2.3 -0.19195
-2.4 -0.19362
-2.5 -0.19519
-2.6 -0.19701
-2.7 -0.19852
-2.8 -0.20024
-2.9 -0.20179
-3 -0.20334
-3.1 -0.20502
-3.2 -0.20672
-3.3 -0.20836
-3.4 -0.20986
-3.5 -0.21151
-3.6 -0.21324
-3.7 -0.21496
-3.8 -0.21662
-3.9 -0.21862
-4 -0.22021
-4.1 -0.22196
-4.2 -0.22384
-4.3 -0.22579
-4.4 -0.22762
-4.5 -0.22962
-4.6 -0.23162
-4.7 -0.23372
-4.8 -0.23584
-4.9 -0.23822
-5 -0.24046
-5.1 -0.24279
-5.2 -0.24562
-5.3 -0.24815
-5.4 -0.25086
-5.5 -0.25363
-5.6 -0.25665
-5.7 -0.25979
-5.8 -0.26313
-5.9 -0.26674
-6 -0.27034
-6.1 -0.27434
-6.2 -0.27833
-6.3 -0.28284
-6.4 -0.28741
-6.5 -0.29246
-6.6 -0.29765
-6.7 -0.30312
-6.8 -0.30913
-6.9 -0.31541
-7 -0.32222
-7.1 -0.32947
-7.2 -0.33735
-7.3 -0.34559
-7.4 -0.35455
-7.5 -0.36433
-7.6 -0.375
-7.7 -0.38654
-7.8 -0.39864
-7.9 -0.41222
-8 -0.42652
-8.1 -0.44213
-8.2 -0.45865
-8.3 -0.47577
-8.4 -0.49444
-8.5 -0.5135
-8.6 -0.53324
-8.7 -0.55408
-8.8 -0.57493
-8.9 -0.59759
-9 -0.62078
-9.1 -0.64476
-9.2 -0.6693
-9.3 -0.69449
-9.4 -0.72045
-9.5 -0.74697
-9.6 -0.77315
-9.7 -0.79977
-9.8 -0.82666
-9.9 -0.85329
-10 -0.88076
-10.1 -0.90791
-10.2 -0.93372
-10.3 -0.95918
-10.2 -0.68372
-10.1 -0.57338
-10 -0.48706
-9.9 -0.41628
-9.8 -0.35829
-9.7 -0.30875
-9.6 -0.26719
-9.5 -0.23133
-9.4 -0.20017
-9.3 -0.17247
-9.2 -0.14796
-9.1 -0.12611
-9 -0.10727
-8.9 -0.09255
-8.8 -0.07842
-8.7 -0.0629
-8.6 -0.05239
-8.5 -0.04768
-8.4 -0.04384
-8.3 -0.04101
-8.2 -0.03918
-8.1 -0.03685
-8 -0.03088
-7.9 -0.02406
-7.8 -0.01671
-7.7 -0.01053
-7.6 -0.00371
-7.5 0.00181
-7.4 0.00715
-7.3 0.01198
-7.2 0.01615
-7.1 0.01999
-7 0.02349
-6.9 0.02632
-6.8 0.02866
-6.7 0.03049
-6.6 0.03216
-6.5 0.03349
-6.4 0.03517
-6.3 0.037
-6.2 0.03866
-6.1 0.04066
-6 0.04216
-5.9 0.044
-5.8 0.04549
-5.7 0.04766
-5.6 0.04932
-5.5 0.05116
-5.4 0.05332
-5.3 0.05532
-5.2 0.05732
-5.1 0.05932
-5 0.06198
-4.9 0.06465
-4.8 0.06715
-4.7 0.06966
-4.6 0.07249
-4.5 0.07466
-4.4 0.07715
-4.3 0.07949
-4.2 0.08232
-4.1 0.08448
-4 0.08699
-3.9 0.08965
-3.8 0.09166
-3.7 0.09431
-3.6 0.09648
-3.5 0.09898
-3.4 0.10099
-3.3 0.10332
-3.2 0.10549
-3.1 0.10782
-3 0.10982
-2.9 0.11182
-2.8 0.11365
-2.7 0.11565
-2.6 0.11716
-2.5 0.11899
-2.4 0.12066
-2.3 0.12232
-2.2 0.12416
-2.1 0.12581
-2 0.12716
-1.9 0.12866
-1.8 0.13016
-1.7 0.13149
-1.6 0.13283
-1.5 0.13399
-1.4 0.13517
-1.3 0.13632
-1.2 0.1375
-1.1 0.13849
-1 0.13967
-0.9 0.141
-0.8 0.14216
-0.7 0.14316
-0.6 0.14417
-0.5 0.14532
-0.4 0.14649
-0.3 0.14749
-0.2 0.1485
-0.1 0.14966
0 0.15083
0.1 0.15166
0.2 0.15299
0.3 0.15416
0.4 0.15516
0.5 0.15616
0.6 0.15716
0.7 0.15799
0.8 0.15915
0.9 0.16032
1 0.16116
1.1 0.162
1.2 0.163
1.3 0.16399
1.4 0.16499
1.5 0.16616
1.6 0.16699
1.7 0.16816
1.8 0.16899
1.9 0.16983
2 0.17067
2.1 0.1715
2.2 0.17266
2.3 0.17367
2.4 0.17449
2.5 0.17567
2.6 0.17666
2.7 0.17783
2.8 0.17883
2.9 0.17999
3 0.18116
3.1 0.18232
3.2 0.1835
3.3 0.185
3.4 0.18632
3.5 0.18783
3.6 0.18932
3.7 0.19083
3.8 0.19249
3.9 0.19399
4 0.19549
4.1 0.19749
4.2 0.19915
4.3 0.20116
4.4 0.203
4.5 0.20499
4.6 0.20699
4.7 0.20899
4.8 0.21116
4.9 0.21332
5 0.21582
5.1 0.21798
5.2 0.22032
5.3 0.22299
5.4 0.22565
5.5 0.22832
5.6 0.23099
5.7 0.23398
5.8 0.23699
5.9 0.24016
6 0.24348
6.1 0.24697
6.2 0.25065
6.3 0.25465
6.4 0.25848
6.5 0.26265
6.6 0.26715
6.7 0.27197
6.8 0.27681
6.9 0.2823
7 0.28782
7.1 0.29348
7.2 0.29931
7.3 0.30597
7.4 0.31263
7.5 0.31965
7.6 0.32681
7.7 0.33497
7.8 0.34297
7.9 0.35198
8 0.36131
8.1 0.37097
8.2 0.38128
8.3 0.39212
8.4 0.40363
8.5 0.41595
8.6 0.42845
8.7 0.44178
8.8 0.45611
8.9 0.47059
9 0.48611
9.1 0.50227
9.2 0.51926
9.3 0.5371
9.4 0.55511
9.5 0.57412
9.6 0.5941
9.7 0.61375
9.8 0.63475
9.9 0.6554
10 0.67675
10.1 0.69825
10.2 0.71857
10.3 0.73865
10.2 0.54185
10.1 0.4641
10 0.40089
9.9 0.34842
9.8 0.30411
9.7 0.2666
9.6 0.23374
9.5 0.20497
9.4 0.1798
9.3 0.15707
9.2 0.13691
9.1 0.11893
9 0.10252
8.9 0.08796
8.8 0.07516
8.7 0.06507
8.6 0.05636
8.5 0.047
8.4 0.03683
8.3 0.02866
8.2 0.0209
8.1 0.01366
8 0.00733
7.9 0.00178
7.8 -0.0053
7.7 -0.01148
7.6 -0.01585
7.5 -0.0203
7.4 -0.02317
7.3 -0.02557
7.2 -0.0274
7.1 -0.02933
7 -0.03154
6.9 -0.03437
6.8 -0.03644
6.7 -0.03878
6.6 -0.04181
6.5 -0.04447
6.4 -0.04705
6.3 -0.04931
6.2 -0.05155
6.1 -0.05377
6 -0.05585
5.9 -0.05731
5.8 -0.05878
5.7 -0.05978
5.6 -0.06078
5.5 -0.06185
5.4 -0.06311
5.3 -0.06427
5.2 -0.0662
5.1 -0.06757
5 -0.06894
4.9 -0.07044
4.8 -0.07194
4.7 -0.07344
4.6 -0.0751
4.5 -0.07664
4.4 -0.07838
4.3 -0.07991
4.2 -0.08147
4.1 -0.08364
4 -0.08524
3.9 -0.0869
3.8 -0.08881
3.7 -0.09064
3.6 -0.09234
3.5 -0.09417
3.4 -0.09591
3.3 -0.0972
3.2 -0.0986
3.1 -0.10007
3 -0.1016
2.9 -0.10348
2.8 -0.10524
2.7 -0.10685
2.6 -0.10857
2.5 -0.11018
2.4 -0.11214
2.3 -0.11381
2.2 -0.11553
2.1 -0.1169
2 -0.11864
1.9 -0.11994
1.8 -0.12141
1.7 -0.12274
1.6 -0.12431
1.5 -0.12574
1.4 -0.12694
1.3 -0.12841
1.2 -0.12997
1.1 -0.13144
1 -0.13287
0.9 -0.1339
0.8 -0.13537
0.7 -0.1369
0.6 -0.1381
0.5 -0.13944
0.4 -0.14057
0.3 -0.142
0.2 -0.14311
0.1 -0.14424
0 -0.14567
-0.1 -0.14687
-0.2 -0.14791
-0.3 -0.14933
-0.4 -0.1504
-0.5 -0.1514
-0.6 -0.15257
-0.7 -0.1539
-0.8 -0.15514
-0.9 -0.15657
-1 -0.15774
-1.1 -0.15931
-1.2 -0.16057
-1.3 -0.1619
-1.4 -0.16324
-1.5 -0.16461
-1.6 -0.16607
-1.7 -0.16751
-1.8 -0.1691
-1.9 -0.17067
-2 -0.17224
-2.1 -0.17374
-2.2 -0.17564
-2.3 -0.17744
-2.4 -0.17897
-2.5 -0.18074
-2.6 -0.18234
-2.7 -0.18441
-2.8 -0.18597
-2.9 -0.18774
-3 -0.18948
-3.1 -0.19154
-3.2 -0.19311
-3.3 -0.19514
-3.4 -0.19674
-3.5 -0.19857
-3.6 -0.20024
-3.7 -0.20194
-3.8 -0.20377
-3.9 -0.20574
-4 -0.2074
-4.1 -0.20941
-4.2 -0.21124
-4.3 -0.21307
-4.4 -0.21514
-4.5 -0.21697
-4.6 -0.21914
-4.7 -0.2211
-4.8 -0.22314
-4.9 -0.22518
-5 -0.2274
-5.1 -0.22931
-5.2 -0.23151
-5.3 -0.23377
-5.4 -0.23597
-5.5 -0.23831
-5.6 -0.24068
-5.7 -0.24318
-5.8 -0.24581
-5.9 -0.24835
-6 -0.25118
-6.1 -0.25418
-6.2 -0.25718
-6.3 -0.26042
-6.4 -0.26395
-6.5 -0.26792
-6.6 -0.27161
-6.7 -0.27589
-6.8 -0.28022
-6.9 -0.28512
-7 -0.29005
-7.1 -0.29554
-7.2 -0.30146
-7.3 -0.30776
-7.4 -0.31454
-7.5 -0.32187
-7.6 -0.32975
-7.7 -0.33852
-7.8 -0.34788
-7.9 -0.35829
-8 -0.36932
-8.1 -0.38137
-8.2 -0.3942
-8.3 -0.40774
-8.4 -0.4224
-8.5 -0.43772
-8.6 -0.45407
-8.7 -0.47109
-8.8 -0.48894
-8.9 -0.50382
-9 -0.52314
-9.1 -0.54315
-9.2 -0.56357
-9.3 -0.58137
-9.4 -0.60284
-9.5 -0.62605
-9.6 -0.65018
-9.7 -0.67544
-9.8 -0.70166
-9.9 -0.72765
-10 -0.75484
-10.1 -0.7825
-10.2 -0.81028
-10.3 -0.83774
-10.2 -0.60025
-10.1 -0.49839
-10 -0.41773
-9.9 -0.3541
-9.8 -0.30118
-9.7 -0.25787
-9.6 -0.22157
-9.5 -0.19006
-9.4 -0.16296
-9.3 -0.14031
-9.2 -0.12029
-9.1 -0.10023
-9 -0.08388
-8.9 -0.07428
-8.8 -0.06475
-8.7 -0.05604
-8.6 -0.04974
-8.5 -0.04578
-8.4 -0.04183
-8.3 -0.03403
-8.2 -0.02894
-8.1 -0.02521
-8 -0.01981
-7.9 -0.01387
-7.8 -0.00891
-7.7 -0.00371
-7.6 0.00174
-7.5 0.00626
-7.4 0.01019
-7.3 0.01335
-7.2 0.01636
-7.1 0.01903
-7 0.02107
-6.9 0.0234
-6.8 0.02524
-6.7 0.0268
-6.6 0.02835
-6.5 0.03001
-6.4 0.03162
-6.3 0.03313
-6.2 0.03451
-6.1 0.03614
-6 0.03785
-5.9 0.03947
-5.8 0.04101
-5.7 0.04218
-5.6 0.0438
-5.5 0.04551
-5.4 0.04713
-5.3 0.04897
-5.2 0.05047
-5.1 0.05213
-5 0.05351
-4.9 0.0548
-4.8 0.05673
-4.7 0.05897
-4.6 0.06113
-4.5 0.06334
-4.4 0.06558
-4.3 0.06796
-4.2 0.07013
-4.1 0.0728
-4 0.0752
-3.9 0.07759
-3.8 0.07996
-3.7 0.08235
-3.6 0.08463
-3.5 0.08686
-3.4 0.0893
-3.3 0.09147
-3.2 0.09363
-3.1 0.09591
-3 0.09768
-2.9 0.09996
-2.8 0.10196
-2.7 0.10375
-2.6 0.10563
-2.5 0.10746
-2.4 0.10901
-2.3 0.11084
-2.2 0.11263
-2.1 0.1143
-2 0.11597
-1.9 0.11746
-1.8 0.11872
-1.7 0.12046
-1.6 0.12168
-1.5 0.12279
-1.4 0.12115
-1.3 0.11812
-1.2 0.1146
-1.1 0.11281
-1 0.11139
-0.9 0.11239
-0.8 0.11341
-0.7 0.11434
-0.6 0.11545
-0.5 0.11623
-0.4 0.11729
-0.3 0.11829
-0.2 0.11906
-0.1 0.12013
0 0.12113