0 0
0.1 0.03667
0 -0.00254
-0.1 -0.05673
0 -0.00274
0.1 0.03716
0.2 0.1459
0.1 0.03021
0 0.00102
-0.1 -0.0543
-0.2 -0.03996
-0.1 -0.05314
0 -0.00154
0.1 0.03568
0.2 0.15564
0.2 0.08888
0.1 0.02351
0 -0.01802
-0.1 -0.05617
-0.2 -0.05623
-0.2 -0.05462
-0.1 -0.05253
0 -0.01407
0.1 0.03328
0.2 0.13148
0.3 0.32922
0.4 0.49521
0.4 0.38038
0.3 0.17821
0.2 0.04467
0.1 0.01882
0 -0.04669
-0.1 -0.05617
-0.2 -0.05617
-0.3 -0.05687
-0.4 -0.05776
-0.4 -0.05599
-0.3 -0.05567
-0.2 -0.05505
-0.1 -0.05339
0 -0.02935
0.1 0.03057
0.2 0.10274
0.3 0.29276
0.4 0.46245
0.5 0.61077
0.5 0.37724
0.4 0.20594
0.3 0.07412
0.2 0.02409
0.1 -6.05E-04
0 -0.05463
-0.1 -0.05617
-0.2 -0.05633
-0.3 -0.05765
-0.4 -0.05889
-0.5 -0.1017
-0.5 -0.05693
-0.4 -0.05569
-0.3 -0.05542
-0.2 -0.05475
-0.1 -0.05183
0 0.00412
0.1 0.03516
0.2 0.13208
0.3 0.2937
0.4 0.43189
0.5 0.54985
0.6 0.66277
0.7 0.7642
0.8 0.82615
0.9 0.87591
1 0.91857
1.1 0.95409
1.2 0.98585
1.3 0.95282
1.2 0.76255
1.1 0.56006
1 0.40293
0.9 0.28048
0.8 0.18345
0.7 0.10358
0.6 0.04473
0.5 0.02261
0.4 -8.29E-04
0.3 -0.05147
0.2 -0.056
0.1 -0.05617
0 -0.05633
-0.1 -0.05741
-0.2 -0.06714
-0.3 -0.11391
-0.4 -0.16589
-0.5 -0.23069
-0.6 -0.31215
-0.7 -0.41458
-0.8 -0.5141
-0.9 -0.59537
-1 -0.6635
-1.1 -0.72046
-1.2 -0.76723
-1.3 -0.49688
-1.2 -0.56555
-1.1 -0.36999
-1 -0.2248
-0.9 -0.1168
-0.8 -0.06195
-0.7 -0.05574
-0.6 -0.05533
-0.5 -0.05517
-0.4 -0.05403
-0.3 -0.04448
-0.2 0.01316
-0.1 0.03498
0 0.07836
0.1 0.14339
0.2 0.21415
0.3 0.2891
0.4 0.36199
0.5 0.43045
0.6 0.49653
0.7 0.56169
0.8 0.62698
0.9 0.69213
1 0.75859
1.1 0.82635
1.2 0.89597
1.3 0.92133
1.2 0.69012
1.1 0.49772
1 0.35484
0.9 0.24752
0.8 0.16191
0.7 0.0906
0.6 0.04134
0.5 0.02003
0.4 -0.0053
0.3 -0.04995
0.2 -0.05579
0.1 -0.05588
0 -0.05633
-0.1 -0.05703
-0.2 -0.06547
-0.3 -0.10745
-0.4 -0.15273
-0.5 -0.20808
-0.6 -0.27477
-0.7 -0.34975
-0.8 -0.42143
-0.9 -0.48978
-1 -0.55639
-1.1 -0.62646
-1.2 -0.69843
-1.3 -0.5887
-1.2 -0.54701
-1.1 -0.35858
-1 -0.22209
-0.9 -0.12055
-0.8 -0.06336
-0.7 -0.05574
-0.6 -0.05533
-0.5 -0.055
-0.4 -0.05411
-0.3 -0.04805
-0.2 0.0089
-0.1 0.03252
0 0.0678
0.1 0.12533
0.2 0.19068
0.3 0.25807
0.4 0.32387
0.5 0.38645
0.6 0.44787
0.7 0.51066
0.8 0.57299
0.9 0.63738
1 0.70372
1.1 0.77204
1.2 0.84439
1.3 0.88926
1.2 0.6892
1.1 0.49961
1 0.36025
0.9 0.2545
0.8 0.16958
0.7 0.09926
0.6 0.04862
0.5 0.01832
0.4 -0.00259
0.3 -0.04353
0.2 -0.05583
0.1 -0.05596
0 -0.05629
-0.1 -0.05687
-0.2 -0.06501
-0.3 -0.09965
-0.4 -0.14304
-0.5 -0.19669
-0.6 -0.26044
-0.7 -0.32965
-0.8 -0.3967
-0.9 -0.46321
-1 -0.52971
-1.1 -0.59916
-1.2 -0.67398
-1.3 -0.72815
-1.2 -0.53224
-1.1 -0.34673
-1 -0.2158
-0.9 -0.11818
-0.8 -0.06352
-0.7 -0.05578
-0.6 -0.05543
-0.5 -0.05498
-0.4 -0.05397
-0.3 -0.04588
-0.2 0.00811
-0.1 0.03203
0 0.06757
0.1 0.12168
0.2 0.18424
0.3 0.24876
0.4 0.31099
0.5 0.37137
0.6 0.4309
0.7 0.4924
0.8 0.55453
0.9 0.61808
1 0.68433
1.1 0.7533
1.2 0.82702
1.3 0.90697
1.4 0.96043
1.5 0.99734
1.6 1.02228
1.7 1.04154
1.8 1.05737
1.9 1.0693
2 1.07872
2.1 1.08676
2.2 1.09616
2.3 1.10531
2.4 1.11171
2.5 1.10705
2.5 0.9396
2.4 0.74316
2.3 0.59601
2.2 0.48057
2.1 0.38617
2 0.30791
1.9 0.24113
1.8 0.18313
1.7 0.13648
1.6 0.09115
1.5 0.04965
1.4 0.02216
1.3 -0.00352
1.2 -0.01643
1.1 -0.03495
1 -0.04826
0.9 -0.0561
0.8 -0.05665
0.7 -0.06223
0.6 -0.07103
0.5 -0.07916
0.4 -0.09662
0.3 -0.11698
0.2 -0.137
0.1 -0.15808
0 -0.17888
-0.1 -0.20024
-0.2 -0.22341
-0.3 -0.249
-0.4 -0.2782
-0.5 -0.31206
-0.6 -0.35322
-0.7 -0.39952
-0.8 -0.44817
-0.9 -0.49665
-1 -0.54631
-1.1 -0.59899
-1.2 -0.65457
-1.3 -0.70937
-1.4 -0.75076
-1.5 -0.78172
-1.6 -0.80711
-1.7 -0.82909
-1.8 -0.84712
-1.9 -0.86358
-2 -0.87827
-2.1 -0.89265
-2.2 -0.90602
-2.3 -0.91901
-2.4 -0.93098
-2.5 -0.94158
-2.5 -0.77616
-2.4 -0.61015
-2.3 -0.49134
-2.2 -0.39573
-2.1 -0.31496
-2 -0.24644
-1.9 -0.18813
-1.8 -0.13771
-1.7 -0.09546
-1.6 -0.06841
-1.5 -0.05607
-1.4 -0.05577
-1.3 -0.05517
-1.2 -0.05464
-1.1 -0.05333
-1 -0.03171
-0.9 -6.87E-04
-0.8 0.01762
-0.7 0.03597
-0.6 0.05424
-0.5 0.07368
-0.4 0.09492
-0.3 0.11458
-0.2 0.13372
-0.1 0.15342
0 0.17419
0.1 0.19686
0.2 0.22324
0.3 0.25181
0.4 0.28155
0.5 0.31009
0.6 0.33912
0.7 0.36915
0.8 0.40034
0.9 0.43264
1 0.46588
1.1 0.49962
1.2 0.53286
1.3 0.56607
1.4 0.59996
1.5 0.63454
1.6 0.6693
1.7 0.70492
1.8 0.74063
1.9 0.77619
2 0.81263
2.1 0.84912
2.2 0.88397
2.3 0.91479
2.4 0.94581
2.5 0.97607
2.5 0.7998
2.4 0.62371
2.3 0.49753
2.2 0.40191
2.1 0.32569
2 0.26146
1.9 0.20731
1.8 0.16286
1.7 0.11883
1.6 0.08123
1.5 0.04789
1.4 0.02286
1.3 0.00421
1.2 -0.00903
1.1 -0.02685
1 -0.04258
0.9 -0.05388
0.8 -0.05617
0.7 -0.05626
0.6 -0.06037
0.5 -0.06528
0.4 -0.07397
0.3 -0.08849
0.2 -0.10508
0.1 -0.11907
0 -0.13407
-0.1 -0.14903
-0.2 -0.16453
-0.3 -0.18055
-0.4 -0.19795
-0.5 -0.21758
-0.6 -0.24095
-0.7 -0.26661
-0.8 -0.2924
-0.9 -0.31949
-1 -0.34807
-1.1 -0.37719
-1.2 -0.40751
-1.3 -0.43757
-1.4 -0.46843
-1.5 -0.50002
-1.6 -0.5321
-1.7 -0.5642
-1.8 -0.59828
-1.9 -0.63365
-2 -0.66976
-2.1 -0.70602
-2.2 -0.74352
-2.3 -0.78255
-2.4 -0.82261
-2.5 -0.86296
-2.5 -0.72624
-2.4 -0.56954
-2.3 -0.45935
-2.2 -0.36833
-2.1 -0.29355
-2 -0.23109
-1.9 -0.17812
-1.8 -0.13235
-1.7 -0.09403
-1.6 -0.06865
-1.5 -0.056
-1.4 -0.05556
-1.3 -0.055
-1.2 -0.05466
-1.1 -0.05329
-1 -0.03653
-0.9 -0.00608
-0.8 0.01344
-0.7 0.02921
-0.6 0.04398
-0.5 0.06124
-0.4 0.08043
-0.3 0.09743
-0.2 0.11379
-0.1 0.13011
0 0.14753
0.1 0.16632
0.2 0.18838
0.3 0.21305
0.4 0.23857
0.5 0.26343
0.6 0.28865
0.7 0.31445
0.8 0.3414
0.9 0.36928
1 0.39773
1.1 0.42681
1.2 0.45551
1.3 0.48505
1.4 0.51594
1.5 0.54762
1.6 0.58047
1.7 0.61392
1.8 0.64853
1.9 0.68409
2 0.72054
2.1 0.75816
2.2 0.79604
2.3 0.83439
2.4 0.87229
2.5 0.91037
2.5 0.7746
2.4 0.60402
2.3 0.48186
2.2 0.39053
2.1 0.3176
2 0.25723
1.9 0.20681
1.8 0.16143
1.7 0.12102
1.6 0.08537
1.5 0.0542
1.4 0.02769
1.3 0.00808
1.2 -0.00414
1.1 -0.01935
1 -0.03537
0.9 -0.05165
0.8 -0.05583
0.7 -0.05601
0.6 -0.05629
0.5 -0.06102
0.4 -0.06634
0.3 -0.07581
0.2 -0.09314
0.1 -0.10715
0 -0.12091
-0.1 -0.13473
-0.2 -0.14858
-0.3 -0.16303
-0.4 -0.17849
-0.5 -0.19623
-0.6 -0.21734
-0.7 -0.23971
-0.8 -0.2628
-0.9 -0.28682
-1 -0.31197
-1.1 -0.33757
-1.2 -0.36394
-1.3 -0.39135
-1.4 -0.42003
-1.5 -0.44915
-1.6 -0.47915
-1.7 -0.51114
-1.8 -0.54423
-1.9 -0.57894
-2 -0.61514
-2.1 -0.65283
-2.2 -0.69198
-2.3 -0.73399
-2.4 -0.77805
-2.5 -0.8244
-2.5 -0.70147
-2.4 -0.54922
-2.3 -0.44211
-2.2 -0.35392
-2.1 -0.28173
-2 -0.2223
-1.9 -0.17157
-1.8 -0.12842
-1.7 -0.09226
-1.6 -0.06706
-1.5 -0.05603
-1.4 -0.05551
-1.3 -0.055
-1.2 -0.05475
-1.1 -0.05302
-1 -0.03467
-0.9 -0.00638
-0.8 0.01253
-0.7 0.026
-0.6 0.04112
-0.5 0.05746
-0.4 0.07488
-0.3 0.09103
-0.2 0.10598
-0.1 0.12119
0 0.13714
0.1 0.15475
0.2 0.1748
0.3 0.1975
0.4 0.22073
0.5 0.24348
0.6 0.26634
0.7 0.29059
0.8 0.31576
0.9 0.34211
1 0.36858
1.1 0.39589
1.2 0.4233
1.3 0.45155
1.4 0.48035
1.5 0.51057
1.6 0.54174
1.7 0.5739
1.8 0.60762
1.9 0.64257
2 0.6786
2.1 0.71632
2.2 0.75498
2.3 0.79481
2.4 0.83587
2.5 0.87789
2.6 0.91834
2.7 0.94814
2.8 0.97294
2.9 0.99369
3 1.01137
3.1 1.02619
3.2 1.03917
3.3 1.04954
3.4 1.05811
3.5 1.06638
3.6 1.07235
3.7 1.07926
3.7 0.7343
3.6 0.60613
3.5 0.50812
3.4 0.42946
3.3 0.36445
3.2 0.31078
3.1 0.26295
3 0.21998
2.9 0.18207
2.8 0.14753
2.7 0.11628
2.6 0.08914
2.5 0.06535
2.4 0.0422
2.3 0.02534
2.2 0.00798
2.1 -0.00725
2 -0.01645
1.9 -0.02862
1.8 -0.03896
1.7 -0.04768
1.6 -0.05485
1.5 -0.05642
1.4 -0.05929
1.3 -0.06128
1.2 -0.06492
1.1 -0.07375
1 -0.08513
0.9 -0.0979
0.8 -0.10701
0.7 -0.11743
0.6 -0.12738
0.5 -0.13697
0.4 -0.14604
0.3 -0.15513
0.2 -0.16365
0.1 -0.1724
0 -0.18183
-0.1 -0.19171
-0.2 -0.20236
-0.3 -0.21386
-0.4 -0.22674
-0.5 -0.24126
-0.6 -0.25765
-0.7 -0.27572
-0.8 -0.29474
-0.9 -0.31506
-1 -0.3362
-1.1 -0.3579
-1.2 -0.38067
-1.3 -0.40421
-1.4 -0.4282
-1.5 -0.45321
-1.6 -0.47922
-1.7 -0.50643
-1.8 -0.53447
-1.9 -0.56423
-2 -0.59558
-2.1 -0.62891
-2.2 -0.66498
-2.3 -0.70264
-2.4 -0.74163
-2.5 -0.78101
-2.6 -0.81663
-2.7 -0.84437
-2.8 -0.86622
-2.9 -0.88403
-3 -0.89944
-3.1 -0.91374
-3.2 -0.92787
-3.3 -0.9406
-3.4 -0.95236
-3.5 -0.96388
-3.6 -0.97635
-3.7 -0.98839
-3.7 -0.71348
-3.6 -0.59591
-3.5 -0.50419
-3.4 -0.42714
-3.3 -0.3604
-3.2 -0.30411
-3.1 -0.25483
-3 -0.21196
-2.9 -0.17367
-2.8 -0.13988
-2.7 -0.11083
-2.6 -0.08545
-2.5 -0.06721
-2.4 -0.05768
-2.3 -0.05583
-2.2 -0.05567
-2.1 -0.05533
-2 -0.05326
-1.9 -0.03665
-1.8 -0.01892
-1.7 5.82E-05
-1.6 0.01149
-1.5 0.02202
-1.4 0.03671
-1.3 0.0462
-1.2 0.05875
-1.1 0.06964
-1 0.08025
-0.9 0.0902
-0.8 0.09952
-0.7 0.1087
-0.6 0.11733
-0.5 0.12591
-0.4 0.13491
-0.3 0.14383
-0.2 0.15269
-0.1 0.16204
0 0.1716
0.1 0.18156
0.2 0.19275
0.3 0.2054
0.4 0.21811
0.5 0.23133
0.6 0.2447
0.7 0.259
0.8 0.27342
0.9 0.2884
1 0.30384
1.1 0.31955
1.2 0.33655
1.3 0.35389
1.4 0.37149
1.5 0.39001
1.6 0.40931
1.7 0.42908
1.8 0.44943
1.9 0.47083
2 0.49277
2.1 0.51512
2.2 0.53804
2.3 0.56193
2.4 0.58602
2.5 0.61069
2.6 0.63586
2.7 0.6613
2.8 0.68673
2.9 0.71278
3 0.73879
3.1 0.76576
3.2 0.79208
3.3 0.81853
3.4 0.84457
3.5 0.87104
3.6 0.89632
3.7 0.92063
3.7 0.68928
3.6 0.57205
3.5 0.48298
3.4 0.41245
3.3 0.35314
3.2 0.30252
3.1 0.2598
3 0.2199
2.9 0.18422
2.8 0.15192
2.7 0.12266
2.6 0.09621
2.5 0.07248
2.4 0.05167
2.3 0.03179
2.2 0.01618
2.1 0.00549
2 -0.00565
1.9 -0.01766
1.8 -0.02924
1.7 -0.04144
1.6 -0.05204
1.5 -0.05551
1.4 -0.05602
1.3 -0.05637
1.2 -0.05834
1.1 -0.06013
1 -0.06609
0.9 -0.07676
0.8 -0.08643
0.7 -0.0941
0.6 -0.10189
0.5 -0.1095
0.4 -0.11678
0.3 -0.12393
0.2 -0.13094
0.1 -0.13794
0 -0.14508
-0.1 -0.15221
-0.2 -0.15965
-0.3 -0.16733
-0.4 -0.17543
-0.5 -0.1848
-0.6 -0.19485
-0.7 -0.20538
-0.8 -0.21672
-0.9 -0.22885
-1 -0.24175
-1.1 -0.25517
-1.2 -0.26918
-1.3 -0.28368
-1.4 -0.29881
-1.5 -0.31464
-1.6 -0.33098
-1.7 -0.34817
-1.8 -0.36613
-1.9 -0.38542
-2 -0.40574
-2.1 -0.42736
-2.2 -0.44965
-2.3 -0.47236
-2.4 -0.49651
-2.5 -0.52174
-2.6 -0.54754
-2.7 -0.57445
-2.8 -0.60211
-2.9 -0.6304
-3 -0.65965
-3.1 -0.68997
-3.2 -0.72128
-3.3 -0.75296
-3.4 -0.7859
-3.5 -0.81952
-3.6 -0.85332
-3.7 -0.88532
-3.7 -0.65718
-3.6 -0.54792
-3.5 -0.46298
-3.4 -0.39117
-3.3 -0.33039
-3.2 -0.27858
-3.1 -0.23418
-3 -0.19535
-2.9 -0.16078
-2.8 -0.12985
-2.7 -0.1038
-2.6 -0.08102
-2.5 -0.06427
-2.4 -0.05703
-2.3 -0.05578
-2.2 -0.05567
-2.1 -0.05514
-2 -0.04944
-1.9 -0.03495
-1.8 -0.01727
-1.7 -0.00118
-1.6 0.01033
-1.5 0.01694
-1.4 0.02929
-1.3 0.0378
-1.2 0.04806
-1.1 0.05777
-1 0.0666
-0.9 0.07475
-0.8 0.08267
-0.7 0.09035
-0.6 0.09807
-0.5 0.10603
-0.4 0.11402
-0.3 0.12192
-0.2 0.12975
-0.1 0.13825
0 0.1467
0.1 0.1556
0.2 0.16536
0.3 0.1762
0.4 0.1873
0.5 0.19854
0.6 0.21014
0.7 0.22237
0.8 0.23456
0.9 0.2474
1 0.2609
1.1 0.27498
1.2 0.28963
1.3 0.30476
1.4 0.32061
1.5 0.33702
1.6 0.35402
1.7 0.37136
1.8 0.38964
1.9 0.40834
2 0.42792
2.1 0.44812
2.2 0.46855
2.3 0.48949
2.4 0.51141
2.5 0.53383
2.6 0.55686
2.7 0.58045
2.8 0.60503
2.9 0.63067
3 0.65666
3.1 0.68339
3.2 0.7106
3.3 0.73816
3.4 0.7666
3.5 0.79519
3.6 0.82255
3.7 0.84859
3.7 0.63192
3.6 0.52275
3.5 0.4409
3.4 0.37543
3.3 0.32113
3.2 0.27564
3.1 0.2346
3 0.19882
2.9 0.16656
2.8 0.13712
2.7 0.11028
2.6 0.08625
2.5 0.06474
2.4 0.04584
2.3 0.02786
2.2 0.01505
2.1 0.00677
2 -0.00538
1.9 -0.01641
1.8 -0.02663
1.7 -0.03845
1.6 -0.04883
1.5 -0.05362
1.4 -0.05489
1.3 -0.0555
1.2 -0.05655
1.1 -0.05817
1 -0.06154
0.9 -0.06991
0.8 -0.07815
0.7 -0.08529
0.6 -0.092
0.5 -0.09846
0.4 -0.10492
0.3 -0.11115
0.2 -0.11767
0.1 -0.12401
0 -0.13062
-0.1 -0.13682
-0.2 -0.14395
-0.3 -0.15139
-0.4 -0.15916
-0.5 -0.16761
-0.6 -0.17651
-0.7 -0.18599
-0.8 -0.1961
-0.9 -0.20646
-1 -0.21718
-1.1 -0.22809
-1.2 -0.23992
-1.3 -0.25198
-1.4 -0.26457
-1.5 -0.27801
-1.6 -0.29211
-1.7 -0.30676
-1.8 -0.32287
-1.9 -0.33991
-2 -0.3581
-2.1 -0.37716
-2.2 -0.3972
-2.3 -0.41824
-2.4 -0.44018
-2.5 -0.46278
-2.6 -0.48704
-2.7 -0.51213
-2.8 -0.53808
-2.9 -0.56479
-3 -0.59334
-3.1 -0.62355
-3.2 -0.65437
-3.3 -0.68703
-3.4 -0.72084
-3.5 -0.75605
-3.6 -0.79266
-3.7 -0.82983
-3.7 -0.62532
-3.6 -0.52153
-3.5 -0.43958
-3.4 -0.37176
-3.3 -0.31424
-3.2 -0.26546
-3.1 -0.2234
-3 -0.18594
-2.9 -0.1533
-2.8 -0.12412
-2.7 -0.09941
-2.6 -0.07755
-2.5 -0.06197
-2.4 -0.0567
-2.3 -0.05574
-2.2 -0.05567
-2.1 -0.05497
-2 -0.04829
-1.9 -0.03321
-1.8 -0.0158
-1.7 -0.00109
-1.6 0.00928
-1.5 0.01504
-1.4 0.02602
-1.3 0.03354
-1.2 0.04222
-1.1 0.05073
-1 0.05873
-0.9 0.06641
-0.8 0.07375
-0.7 0.08084
-0.6 0.08787
-0.5 0.0954
-0.4 0.10291
-0.3 0.11057
-0.2 0.11841
-0.1 0.12657
0 0.13445
0.1 0.14236
0.2 0.15106
0.3 0.16085
0.4 0.1708
0.5 0.18133
0.6 0.19161
0.7 0.20238
0.8 0.21323
0.9 0.22483
1 0.23673
1.1 0.24882
1.2 0.26183
1.3 0.27565
1.4 0.28984
1.5 0.30488
1.6 0.3202
1.7 0.33598
1.8 0.35296
1.9 0.37012
2 0.38806
2.1 0.40658
2.2 0.42542
2.3 0.44506
2.4 0.46549
2.5 0.48627
2.6 0.50813
2.7 0.53035
2.8 0.55293
2.9 0.57704
3 0.60147
3.1 0.627
3.2 0.65301
3.3 0.67992
3.4 0.70737
3.5 0.73487
3.6 0.7623
3.7 0.7893
3.8 0.81357
3.9 0.82564
4 0.83377
4.1 0.83636
4.2 0.82821
4.3 0.82454
4.4 0.82598
4.5 0.8271
4.6 0.77137
4.7 0.76122
4.8 0.76724
4.9 0.76999
5 0.76772
5.1 0.76246
5 0.53115
4.9 0.44073
4.8 0.37312
4.7 0.32378
4.6 0.28121
4.5 0.24375
4.4 0.21152
4.3 0.18278
4.2 0.15724
4.1 0.13488
4 0.11528
3.9 0.09722
3.8 0.08279
3.7 0.06752
3.6 0.05253
3.5 0.03935
3.4 0.02668
3.3 0.0154
3.2 0.00487
3.1 -0.00455
3 -0.01066
2.9 -0.01779
2.8 -0.02501
2.7 -0.0302
2.6 -0.03657
2.5 -0.04333
2.4 -0.0495
2.3 -0.05355
2.2 -0.05566
2.1 -0.05617
2 -0.05721
1.9 -0.05813
1.8 -0.06093
1.7 -0.06362
1.6 -0.06822
1.5 -0.07434
1.4 -0.07961
1.3 -0.08459
1.2 -0.08943
1.1 -0.09415
1 -0.09852
0.9 -0.10288
0.8 -0.10762
0.7 -0.11186
0.6 -0.11679
0.5 -0.12166
0.4 -0.12629
0.3 -0.131
0.2 -0.13605
0.1 -0.14139
0 -0.14674
-0.1 -0.1526
-0.2 -0.15862
-0.3 -0.16486
-0.4 -0.1715
-0.5 -0.17808
-0.6 -0.18542
-0.7 -0.19321
-0.8 -0.20145
-0.9 -0.21012
-1 -0.21911
-1.1 -0.22851
-1.2 -0.23814
-1.3 -0.24837
-1.4 -0.25923
-1.5 -0.27071
-1.6 -0.28289
-1.7 -0.29509
-1.8 -0.30828
-1.9 -0.32237
-2 -0.33735
-2.1 -0.35327
-2.2 -0.37006
-2.3 -0.38791
-2.4 -0.4065
-2.5 -0.42666
-2.6 -0.44767
-2.7 -0.46966
-2.8 -0.49265
-2.9 -0.51606
-3 -0.54131
-3.1 -0.56714
-3.2 -0.59418
-3.3 -0.62252
-3.4 -0.65197
-3.5 -0.68253
-3.6 -0.71405
-3.7 -0.74632
-3.8 -0.77906
-3.9 -0.80849
-4 -0.83268
-4.1 -0.85244
-4.2 -0.86897
-4.3 -0.88404
-4.4 -0.89737
-4.5 -0.90972
-4.6 -0.92155
-4.7 -0.93304
-4.8 -0.94497
-4.9 -0.95648
-5 -0.96422
-5.1 -0.96747
-5 -0.73802
-4.9 -0.62204
-4.8 -0.5343
-4.7 -0.46046
-4.6 -0.39713
-4.5 -0.34221
-4.4 -0.29452
-4.3 -0.25341
-4.2 -0.21632
-4.1 -0.18354
-4 -0.1538
-3.9 -0.12824
-3.8 -0.10517
-3.7 -0.0838
-3.6 -0.07002
-3.5 -0.06386
-3.4 -0.05771
-3.3 -0.05533
-3.2 -0.05499
-3.1 -0.04971
-3 -0.03621
-2.9 -0.02598
-2.8 -0.01829
-2.7 -0.00513
-2.6 0.00479
-2.5 0.01219
-2.4 0.0166
-2.3 0.0229
-2.2 0.02835
-2.1 0.03201
-2 0.0378
-1.9 0.04266
-1.8 0.04783
-1.7 0.05279
-1.6 0.05769
-1.5 0.06262
-1.4 0.06779
-1.3 0.07266
-1.2 0.07778
-1.1 0.08236
-1 0.08716
-0.9 0.09166
-0.8 0.09632
-0.7 0.1011
-0.6 0.10548
-0.5 0.11016
-0.4 0.11452
-0.3 0.11902
-0.2 0.12364
-0.1 0.12812
0 0.13216
0.1 0.13636
0.2 0.14068
0.3 0.14483
0.4 0.14935
0.5 0.15403
0.6 0.15882
0.7 0.16399
0.8 0.16914
0.9 0.17445
1 0.1801
1.1 0.18596
1.2 0.1921
1.3 0.19844
1.4 0.20555
1.5 0.21284
1.6 0.22
1.7 0.22784
1.8 0.23583
1.9 0.24433
2 0.25295
2.1 0.26211
2.2 0.27161
2.3 0.2814
2.4 0.29108
2.5 0.30109
2.6 0.31142
2.7 0.32159
2.8 0.33257
2.9 0.34384
3 0.35536
3.1 0.36702
3.2 0.37869
3.3 0.39082
3.4 0.4033
3.5 0.4158
3.6 0.42876
3.7 0.44189
3.8 0.4544
3.9 0.46705
4 0.47889
4.1 0.49007
4.2 0.50236
4.3 0.51429
4.4 0.52591
4.5 0.53756
4.6 0.54818
4.7 0.55921
4.8 0.57056
4.9 0.58176
5 0.59373
5.1 0.60317
5 0.4649
4.9 0.38744
4.8 0.33266
4.7 0.28975
4.6 0.25381
4.5 0.2226
4.4 0.1955
4.3 0.17155
4.2 0.14951
4.1 0.12897
4 0.11067
3.9 0.09371
3.8 0.07949
3.7 0.06571
3.6 0.0524
3.5 0.04028
3.4 0.02899
3.3 0.01845
3.2 0.00856
3.1 1.71E-04
3 -0.00828
2.9 -0.01399
2.8 -0.01955
2.7 -0.02567
2.6 -0.03077
2.5 -0.03421
2.4 -0.0402
2.3 -0.04328
2.2 -0.04724
2.1 -0.04988
2 -0.05133
1.9 -0.05171
1.8 -0.05219
1.7 -0.05323
1.6 -0.05523
1.5 -0.05729
1.4 -0.06042
1.3 -0.06333
1.2 -0.06673
1.1 -0.06948
1 -0.07242
0.9 -0.07527
0.8 -0.07827
0.7 -0.08142
0.6 -0.08442
0.5 -0.08708
0.4 -0.08983
0.3 -0.09297
0.2 -0.09594
0.1 -0.09896
0 -0.1022
-0.1 -0.10549
-0.2 -0.10877
-0.3 -0.1121
-0.4 -0.11548
-0.5 -0.11896
-0.6 -0.12266
-0.7 -0.12704
-0.8 -0.13141
-0.9 -0.13654
-1 -0.1417
-1.1 -0.1474
-1.2 -0.1531
-1.3 -0.15908
-1.4 -0.16537
-1.5 -0.1716
-1.6 -0.17778
-1.7 -0.18481
-1.8 -0.19214
-1.9 -0.19987
-2 -0.20818
-2.1 -0.21744
-2.2 -0.22745
-2.3 -0.23848
-2.4 -0.25008
-2.5 -0.26237
-2.6 -0.27548
-2.7 -0.28961
-2.8 -0.30431
-2.9 -0.31941
-3 -0.33645
-3.1 -0.35421
-3.2 -0.3731
-3.3 -0.39313
-3.4 -0.41405
-3.5 -0.43625
-3.6 -0.45956
-3.7 -0.48426
-3.8 -0.50997
-3.9 -0.53652
-4 -0.56286
-4.1 -0.5904
-4.2 -0.61843
-4.3 -0.64742
-4.4 -0.67729
-4.5 -0.70752
-4.6 -0.73832
-4.7 -0.76966
-4.8 -0.80114
-4.9 -0.83186
-5 -0.86122
-5.1 -0.88372
-5 -0.6771
-4.9 -0.57047
-4.8 -0.4886
-4.7 -0.42032
-4.6 -0.3621
-4.5 -0.31284
-4.4 -0.26991
-4.3 -0.23249
-4.2 -0.19885
-4.1 -0.16881
-4 -0.14165
-3.9 -0.11873
-3.8 -0.09779
-3.7 -0.07827
-3.6 -0.06842
-3.5 -0.06179
-3.4 -0.05664
-3.3 -0.05541
-3.2 -0.05421
-3.1 -0.04474
-3 -0.03392
-2.9 -0.02588
-2.8 -0.01607
-2.7 -0.00722
-2.6 -1.05E-04
-2.5 0.00471
-2.4 0.00907
-2.3 0.01331
-2.2 0.01697
-2.1 0.01971
-2 0.02249
-1.9 0.02647
-1.8 0.03004
-1.7 0.03364
-1.6 0.03731
-1.5 0.04095
-1.4 0.04464
-1.3 0.04814
-1.2 0.05154
-1.1 0.05471
-1 0.05828
-0.9 0.06155
-0.8 0.06475
-0.7 0.06845
-0.6 0.07194
-0.5 0.07587
-0.4 0.07978
-0.3 0.08387
-0.2 0.08738
-0.1 0.09114
0 0.09504
0.1 0.09894
0.2 0.10287
0.3 0.10678
0.4 0.1109
0.5 0.11511
0.6 0.11911
0.7 0.12347
0.8 0.12801
0.9 0.13271
1 0.13733
1.1 0.14237
1.2 0.14749
1.3 0.15266
1.4 0.1578
1.5 0.16323
1.6 0.16916
1.7 0.17533
1.8 0.18175
1.9 0.18856
2 0.19551
2.1 0.20275
2.2 0.21028
2.3 0.2181
2.4 0.22594
2.5 0.2343
2.6 0.24296
2.7 0.25215
2.8 0.26146
2.9 0.27163
3 0.28175
3.1 0.29272
3.2 0.30378
3.3 0.31542
3.4 0.32728
3.5 0.33952
3.6 0.35211
3.7 0.36466
3.8 0.37738
3.9 0.3903
4 0.40261
4.1 0.41541
4.2 0.4286
4.3 0.44128
4.4 0.45404
4.5 0.46694
4.6 0.47975
4.7 0.49267
4.8 0.50589
4.9 0.51911
5 0.53204
5.1 0.54232
5 0.41516
4.9 0.3466
4.8 0.29855
4.7 0.26014
4.6 0.22745
4.5 0.19915
4.4 0.17472
4.3 0.1526
4.2 0.13274
4.1 0.11448
4 0.09792
3.9 0.08291
3.8 0.0701
3.7 0.05833
3.6 0.04598
3.5 0.03524
3.4 0.02543
3.3 0.01623
3.2 0.00769
3.1 -3.27E-04
3 -0.00696
2.9 -0.01179
2.8 -0.01767
2.7 -0.02314
2.6 -0.02751
2.5 -0.0332
2.4 -0.03894
2.3 -0.04398
2.2 -0.04835
2.1 -0.05173
2 -0.05296
1.9 -0.05379
1.8 -0.05367
1.7 -0.0544
1.6 -0.05479
1.5 -0.05603
1.4 -0.05836
1.3 -0.06051
1.2 -0.0629
1.1 -0.06492
1 -0.06759
0.9 -0.07007
0.8 -0.07213
0.7 -0.07473
0.6 -0.0769
0.5 -0.07942
0.4 -0.08186
0.3 -0.08437
0.2 -0.08724
0.1 -0.09004
0 -0.09309
-0.1 -0.09594
-0.2 -0.09906
-0.3 -0.10207
-0.4 -0.10539
-0.5 -0.1089
-0.6 -0.11236
-0.7 -0.11606
-0.8 -0.11957
-0.9 -0.12338
-1 -0.12734
-1.1 -0.13152
-1.2 -0.136
-1.3 -0.14055
-1.4 -0.14532
-1.5 -0.14967
-1.6 -0.15451
-1.7 -0.15965
-1.8 -0.16533
-1.9 -0.17115
-2 -0.17778
-2.1 -0.1851
-2.2 -0.19232
-2.3 -0.20043
-2.4 -0.20942
-2.5 -0.21927
-2.6 -0.22941
-2.7 -0.24084
-2.8 -0.25275
-2.9 -0.26535
-3 -0.27968
-3.1 -0.29529
-3.2 -0.31242
-3.3 -0.33101
-3.4 -0.3512
-3.5 -0.37273
-3.6 -0.39586
-3.7 -0.42013
-3.8 -0.44588
-3.9 -0.47278
-4 -0.50047
-4.1 -0.52906
-4.2 -0.55847
-4.3 -0.58849
-4.4 -0.61994
-4.5 -0.6521
-4.6 -0.68495
-4.7 -0.71921
-4.8 -0.75386
-4.9 -0.78902
-5 -0.82289
-5.1 -0.84983
-5 -0.65498
-4.9 -0.55348
-4.8 -0.4734
-4.7 -0.40714
-4.6 -0.3505
-4.5 -0.30266
-4.4 -0.261
-4.3 -0.22454
-4.2 -0.19223
-4.1 -0.16284
-4 -0.13638
-3.9 -0.11416
-3.8 -0.09358
-3.7 -0.07581
-3.6 -0.06695
-3.5 -0.06035
-3.4 -0.05611
-3.3 -0.0554
-3.2 -0.05371
-3.1 -0.04232
-3 -0.03295
-2.9 -0.02558
-2.8 -0.01644
-2.7 -0.00834
-2.6 -0.00162
-2.5 0.00328
-2.4 0.00684
-2.3 0.01078
-2.2 0.01422
-2.1 0.01722
-2 0.01931
-1.9 0.02231
-1.8 0.02568
-1.7 0.02852
-1.6 0.03176
-1.5 0.03486
-1.4 0.03789
-1.3 0.04106
-1.2 0.0443
-1.1 0.04731
-1 0.05033
-0.9 0.05339
-0.8 0.05649
-0.7 0.05972
-0.6 0.06291
-0.5 0.06632
-0.4 0.06977
-0.3 0.07329
-0.2 0.0766
-0.1 0.07967
0 0.08295
0.1 0.0867
0.2 0.08999
0.3 0.09352
0.4 0.09722
0.5 0.10105
0.6 0.10478
0.7 0.10856
0.8 0.11255
0.9 0.11668
1 0.12076
1.1 0.12521
1.2 0.12969
1.3 0.13437
1.4 0.13881
1.5 0.14353
1.6 0.14833
1.7 0.1532
1.8 0.15875
1.9 0.16468
2 0.1707
2.1 0.17713
2.2 0.18385
2.3 0.1906
2.4 0.19751
2.5 0.20511
2.6 0.21265
2.7 0.22045
2.8 0.22874
2.9 0.23727
3 0.24603
3.1 0.25551
3.2 0.26533
3.3 0.27527
3.4 0.28604
3.5 0.29721
3.6 0.30911
3.7 0.32134
3.8 0.33345
3.9 0.34612
4 0.35892
4.1 0.37191
4.2 0.38542
4.3 0.39846
4.4 0.41151
4.5 0.42522
4.6 0.43877
4.7 0.45291
4.8 0.46666
4.9 0.4806
5 0.49442
5.1 0.5085
5.2 0.52085
5.3 0.53165
5.4 0.54129
5.5 0.55025
5.6 0.5573
5.7 0.56366
5.8 0.56878
5.9 0.57186
6 0.57325
6.1 0.57368
6.2 0.57164
6.3 0.56816
6.4 0.53228
6.3 0.44943
6.2 0.38057
6.1 0.32988
6 0.29022
5.9 0.25596
5.8 0.22604
5.7 0.19942
5.6 0.17637
5.5 0.15538
5.4 0.1361
5.3 0.11822
5.2 0.10184
5.1 0.08696
5 0.07299
4.9 0.0613
4.8 0.0513
4.7 0.04066
4.6 0.03063
4.5 0.02148
4.4 0.01481
4.3 0.00686
4.2 -7.85E-04
4.1 -0.00742
4 -0.01351
3.9 -0.01881
3.8 -0.02404
3.7 -0.02788
3.6 -0.03154
3.5 -0.03503
3.4 -0.03886
3.3 -0.04237
3.2 -0.04573
3.1 -0.04831
3 -0.0498
2.9 -0.05099
2.8 -0.05133
2.7 -0.05213
2.6 -0.05312
2.5 -0.05488
2.4 -0.05743
2.3 -0.06066
2.2 -0.06327
2.1 -0.06593
2 -0.06807
1.9 -0.07011
1.8 -0.07234
1.7 -0.07444
1.6 -0.0761
1.5 -0.07762
1.4 -0.07938
1.3 -0.08076
1.2 -0.08244
1.1 -0.08427
1 -0.08627
0.9 -0.08817
0.8 -0.08988
0.7 -0.09138
0.6 -0.09278
0.5 -0.09477
0.4 -0.09674
0.3 -0.09877
0.2 -0.10097
0.1 -0.10327
0 -0.10564
-0.1 -0.10826
-0.2 -0.1106
-0.3 -0.11317
-0.4 -0.11609
-0.5 -0.11926
-0.6 -0.12193
-0.7 -0.12516
-0.8 -0.12856
-0.9 -0.13212
-1 -0.13615
-1.1 -0.14
-1.2 -0.14411
-1.3 -0.14781
-1.4 -0.15199
-1.5 -0.15622
-1.6 -0.1611
-1.7 -0.16557
-1.8 -0.1699
-1.9 -0.17443
-2 -0.17956
-2.1 -0.18507
-2.2 -0.19107
-2.3 -0.19723
-2.4 -0.20438
-2.5 -0.21176
-2.6 -0.21975
-2.7 -0.22838
-2.8 -0.23827
-2.9 -0.24937
-3 -0.26153
-3.1 -0.27445
-3.2 -0.28931
-3.3 -0.30606
-3.4 -0.32466
-3.5 -0.34494
-3.6 -0.3667
-3.7 -0.38982
-3.8 -0.41383
-3.9 -0.43939
-4 -0.46622
-4.1 -0.49372
-4.2 -0.52204
-4.3 -0.55123
-4.4 -0.58113
-4.5 -0.61251
-4.6 -0.64487
-4.7 -0.67819
-4.8 -0.71233
-4.9 -0.74776
-5 -0.7825
-5.1 -0.81556
-5.2 -0.84427
-5.3 -0.86656
-5.4 -0.88564
-5.5 -0.90101
-5.6 -0.91592
-5.7 -0.92952
-5.8 -0.94288
-5.9 -0.9558
-6 -0.96734
-6.1 -0.97921
-6.2 -0.99004
-6.3 -1.00182
-6.4 -0.91382
-6.3 -0.80083
-6.2 -0.67441
-6.1 -0.57922
-6 -0.50163
-5.9 -0.43541
-5.8 -0.37797
-5.7 -0.32842
-5.6 -0.28536
-5.5 -0.24698
-5.4 -0.2125
-5.3 -0.18165
-5.2 -0.15363
-5.1 -0.12899
-5 -0.10948
-4.9 -0.08819
-4.8 -0.07381
-4.7 -0.06634
-4.6 -0.06053
-4.5 -0.05643
-4.4 -0.05523
-4.3 -0.04978
-4.2 -0.03956
-4.1 -0.03109
-4 -0.02415
-3.9 -0.01411
-3.8 -0.00569
-3.7 0.00142
-3.6 0.00657
-3.5 0.00974
-3.4 0.01325
-3.3 0.01673
-3.2 0.01915
-3.1 0.02082
-3 0.02344
-2.9 0.02609
-2.8 0.02838
-2.7 0.03065
-2.6 0.03278
-2.5 0.03499
-2.4 0.03732
-2.3 0.03957
-2.2 0.04183
-2.1 0.0439
-2 0.04582
-1.9 0.04787
-1.8 0.04989
-1.7 0.05224
-1.6 0.0544
-1.5 0.05687
-1.4 0.05899
-1.3 0.06134
-1.2 0.06355
-1.1 0.06599
-1 0.06824
-0.9 0.07065
-0.8 0.07265
-0.7 0.0749
-0.6 0.0768
-0.5 0.07878
-0.4 0.08067
-0.3 0.08299
-0.2 0.08477
-0.1 0.08691
0 0.08882
0.1 0.09082
0.2 0.09302
0.3 0.09515
0.4 0.09699
0.5 0.09924
0.6 0.10149
0.7 0.10365
0.8 0.10619
0.9 0.10852
1 0.11111
1.1 0.11365
1.2 0.11614
1.3 0.11877
1.4 0.12177
1.5 0.12469
1.6 0.12798
1.7 0.13152
1.8 0.13514
1.9 0.13864
2 0.14239
2.1 0.14646
2.2 0.15034
2.3 0.15467
2.4 0.15926
2.5 0.1636
2.6 0.16855
2.7 0.17317
2.8 0.17848
2.9 0.184
3 0.18971
3.1 0.19561
3.2 0.20169
3.3 0.20802
3.4 0.21446
3.5 0.22117
3.6 0.22798
3.7 0.23488
3.8 0.2418
3.9 0.24887
4 0.25639
4.1 0.26378
4.2 0.27124
4.3 0.27914
4.4 0.28744
4.5 0.2958
4.6 0.30418
4.7 0.31284
4.8 0.32152
4.9 0.33036
5 0.33926
5.1 0.34823
5.2 0.35777
5.3 0.3672
5.4 0.37643
5.5 0.3856
5.6 0.39421
5.7 0.40276
5.8 0.41103
5.9 0.41891
6 0.42644
6.1 0.43312
6.2 0.43852
6.3 0.44177
6.4 0.40623
6.3 0.34698
6.2 0.29208
6.1 0.25249
6 0.21951
5.9 0.19198
5.8 0.16859
5.7 0.1486
5.6 0.13068
5.5 0.11419
5.4 0.09879
5.3 0.08454
5.2 0.0708
5.1 0.05782
5 0.04712
4.9 0.0374
4.8 0.02787
4.7 0.02076
4.6 0.01169
4.5 0.00394
4.4 -0.00306
4.3 -0.00947
4.2 -0.01516
4.1 -0.02035
4 -0.02541
3.9 -0.02967
3.8 -0.03248
3.7 -0.03505
3.6 -0.03821
3.5 -0.04149
3.4 -0.04448
3.3 -0.04696
3.2 -0.04872
3.1 -0.05019
3 -0.05153
2.9 -0.05289
2.8 -0.05365
2.7 -0.05498
2.6 -0.05641
2.5 -0.05772
2.4 -0.05946
2.3 -0.06127
2.2 -0.06291
2.1 -0.06441
2 -0.06524
1.9 -0.06607
1.8 -0.06703
1.7 -0.06796
1.6 -0.06874
1.5 -0.06958
1.4 -0.07074
1.3 -0.07182
1.2 -0.07319
1.1 -0.07408
1 -0.07524
0.9 -0.07641
0.8 -0.07774
0.7 -0.07907
0.6 -0.08044
0.5 -0.08224
0.4 -0.0836
0.3 -0.08524
0.2 -0.08691
0.1 -0.08846
0 -0.09029
-0.1 -0.09177
-0.2 -0.09362
-0.3 -0.09546
-0.4 -0.09749
-0.5 -0.09979
-0.6 -0.10196
-0.7 -0.10417
-0.8 -0.10629
-0.9 -0.10834
-1 -0.11084
-1.1 -0.11313
-1.2 -0.11583
-1.3 -0.11855
-1.4 -0.12162
-1.5 -0.12417
-1.6 -0.12717
-1.7 -0.13001
-1.8 -0.13317
-1.9 -0.13622
-2 -0.13984
-2.1 -0.14355
-2.2 -0.14708
-2.3 -0.15122
-2.4 -0.15572
-2.5 -0.16009
-2.6 -0.16492
-2.7 -0.17013
-2.8 -0.17529
-2.9 -0.1803
-3 -0.18534
-3.1 -0.19088
-3.2 -0.19687
-3.3 -0.20388
-3.4 -0.21176
-3.5 -0.21962
-3.6 -0.22875
-3.7 -0.23833
-3.8 -0.24915
-3.9 -0.26107
-4 -0.27426
-4.1 -0.2885
-4.2 -0.30499
-4.3 -0.32306
-4.4 -0.34327
-4.5 -0.36442
-4.6 -0.38663
-4.7 -0.41153
-4.8 -0.43707
-4.9 -0.46364
-5 -0.49148
-5.1 -0.52014
-5.2 -0.54919
-5.3 -0.57926
-5.4 -0.61029
-5.5 -0.6427
-5.6 -0.67486
-5.7 -0.70834
-5.8 -0.74243
-5.9 -0.77695
-6 -0.81159
-6.1 -0.8461
-6.2 -0.87986
-6.3 -0.91126
-6.4 -0.90372
-6.3 -0.74899
-6.2 -0.6313
-6.1 -0.54242
-6 -0.46896
-5.9 -0.40651
-5.8 -0.35249
-5.7 -0.30573
-5.6 -0.2649
-5.5 -0.22907
-5.4 -0.19695
-5.3 -0.16781
-5.2 -0.14149
-5.1 -0.11873
-5 -0.09899
-4.9 -0.07987
-4.8 -0.06958
-4.7 -0.06219
-4.6 -0.05665
-4.5 -0.0555
-4.4 -0.05365
-4.3 -0.04373
-4.2 -0.03485
-4.1 -0.02759
-4 -0.01845
-3.9 -0.01005
-3.8 -0.0033
-3.7 0.0017
-3.6 0.00531
-3.5 0.00785
-3.4 0.01082
-3.3 0.01315
-3.2 0.01518
-3.1 0.01701
-3 0.01849
-2.9 0.02034
-2.8 0.0223
-2.7 0.02418
-2.6 0.02614
-2.5 0.02799
-2.4 0.02983
-2.3 0.03183
-2.2 0.03367
-2.1 0.03566
-2 0.03734
-1.9 0.03916
-1.8 0.04051
-1.7 0.04213
-1.6 0.04364
-1.5 0.04533
-1.4 0.04718
-1.3 0.04899
-1.2 0.05066
-1.1 0.05199
-1 0.05337
-0.9 0.05501
-0.8 0.05649
-0.7 0.05783
-0.6 0.05918
-0.5 0.06068
-0.4 0.06199
-0.3 0.06365
-0.2 0.06499
-0.1 0.06633
0 0.06766
0.1 0.06899
0.2 0.07016
0.3 0.07184
0.4 0.0737
0.5 0.07568
0.6 0.07751
0.7 0.07951
0.8 0.08151
0.9 0.08382
1 0.08615
1.1 0.0885
1.2 0.09132
1.3 0.09384
1.4 0.09649
1.5 0.09885
1.6 0.10168
1.7 0.1045
1.8 0.10717
1.9 0.10987
2 0.1127
2.1 0.11568
2.2 0.11879
2.3 0.12167
2.4 0.125
2.5 0.12851
2.6 0.13219
2.7 0.13619
2.8 0.14035
2.9 0.14466
3 0.14883
3.1 0.1535
3.2 0.15835
3.3 0.1633
3.4 0.16787
3.5 0.17317
3.6 0.17818
3.7 0.18332
3.8 0.18851
3.9 0.194
4 0.19933
4.1 0.20497
4.2 0.21032
4.3 0.2161
4.4 0.22184
4.5 0.22816
4.6 0.23415
4.7 0.24032
4.8 0.24661
4.9 0.25276
5 0.25897
5.1 0.26526
5.2 0.27144
5.3 0.27829
5.4 0.28508
5.5 0.29192
5.6 0.29873
5.7 0.30542
5.8 0.31239
5.9 0.31823
6 0.32366
6.1 0.32802
6.2 0.33128
6.3 0.33345
6.4 0.30862
6.3 0.2344
6.2 0.19297
6.1 0.16449
6 0.14236
5.9 0.1233
5.8 0.10679
5.7 0.09218
5.6 0.08096
5.5 0.06859
5.4 0.05768
5.3 0.04715
5.2 0.03732
5.1 0.02851
5 0.02093
4.9 0.01434
4.8 0.00713
4.7 0.00115
4.6 -0.00489
4.5 -0.00954
4.4 -0.01423
4.3 -0.01838
4.2 -0.02227
4.1 -0.02517
4 -0.02826
3.9 -0.03035
3.8 -0.03252
3.7 -0.0351
3.6 -0.0382
3.5 -0.04054
3.4 -0.04231
3.3 -0.04375
3.2 -0.04525
3.1 -0.04675
3 -0.04851
2.9 -0.05046
2.8 -0.05223
2.7 -0.05384
2.6 -0.05461
2.5 -0.05585
2.4 -0.05685
2.3 -0.0583
2.2 -0.05925
2.1 -0.06075
2 -0.06251
1.9 -0.06368
1.8 -0.06518
1.7 -0.06686
1.6 -0.06785
1.5 -0.06885
1.4 -0.07024
1.3 -0.07124
1.2 -0.0724
1.1 -0.07375
1 -0.07507
0.9 -0.07614
0.8 -0.0769
0.7 -0.07752
0.6 -0.07835
0.5 -0.07968
0.4 -0.08095
0.3 -0.08202
0.2 -0.08335
0.1 -0.08451
0 -0.08618
-0.1 -0.08763
-0.2 -0.08885
-0.3 -0.09018
-0.4 -0.09135
-0.5 -0.09252
-0.6 -0.09378
-0.7 -0.09502
-0.8 -0.09661
-0.9 -0.09813
-1 -0.09996
-1.1 -0.10179
-1.2 -0.10373
-1.3 -0.10579
-1.4 -0.10785
-1.5 -0.10989
-1.6 -0.11163
-1.7 -0.11363
-1.8 -0.11563
-1.9 -0.11796
-2 -0.1203
-2.1 -0.12257
-2.2 -0.12515
-2.3 -0.12752
-2.4 -0.12996
-2.5 -0.1328
-2.6 -0.13555
-2.7 -0.13926
-2.8 -0.14325
-2.9 -0.14768
-3 -0.15225
-3.1 -0.1567
-3.2 -0.16137
-3.3 -0.16653
-3.4 -0.17265
-3.5 -0.17949
-3.6 -0.18801
-3.7 -0.19686
-3.8 -0.20675
-3.9 -0.21741
-4 -0.22908
-4.1 -0.24213
-4.2 -0.25675
-4.3 -0.27224
-4.4 -0.28992
-4.5 -0.30915
-4.6 -0.33012
-4.7 -0.35298
-4.8 -0.37713
-4.9 -0.4027
-5 -0.42934
-5.1 -0.45679
-5.2 -0.48513
-5.3 -0.5143
-5.4 -0.5444
-5.5 -0.5761
-5.6 -0.60858
-5.7 -0.64207
-5.8 -0.67652
-5.9 -0.71216
-6 -0.74919
-6.1 -0.78657
-6.2 -0.82422
-6.3 -0.86106
-6.4 -0.85586
-6.3 -0.71466
-6.2 -0.60176
-6.1 -0.51575
-6 -0.44562
-5.9 -0.38508
-5.8 -0.3339
-5.7 -0.28955
-5.6 -0.25079
-5.5 -0.21621
-5.4 -0.18518
-5.3 -0.15752
-5.2 -0.13247
-5.1 -0.11234
-5 -0.09191
-4.9 -0.07492
-4.8 -0.06563
-4.7 -0.05911
-4.6 -0.05592
-4.5 -0.05538
-4.4 -0.05118
-4.3 -0.04191
-4.2 -0.03334
-4.1 -0.02524
-4 -0.01538
-3.9 -0.008
-3.8 -0.00245
-3.7 0.0018
-3.6 0.00405
-3.5 0.00611
-3.4 0.0083
-3.3 0.0102
-3.2 0.01203
-3.1 0.0137
-3 0.01539
-2.9 0.01712
-2.8 0.01878
-2.7 0.02061
-2.6 0.02262
-2.5 0.02445
-2.4 0.02647
-2.3 0.02814
-2.2 0.02987
-2.1 0.03139
-2 0.0328
-1.9 0.03397
-1.8 0.03581
-1.7 0.03731
-1.6 0.03864
-1.5 0.03973
-1.4 0.04147
-1.3 0.04306
-1.2 0.04447
-1.1 0.04573
-1 0.04681
-0.9 0.04775
-0.8 0.04864
-0.7 0.04941
-0.6 0.05055
-0.5 0.05175
-0.4 0.05264
-0.3 0.05391
-0.2 0.05491
-0.1 0.05591
0 0.05697
0.1 0.05831
0.2 0.05955
0.3 0.06081
0.4 0.06231
0.5 0.06366
0.6 0.06514
0.7 0.06681
0.8 0.06831
0.9 0.06981
1 0.07114
1.1 0.07248
1.2 0.0738
1.3 0.0752
1.4 0.07664
1.5 0.07864
1.6 0.08006
1.7 0.0817
1.8 0.08364
1.9 0.08555
2 0.08764
2.1 0.08973
2.2 0.09186
2.3 0.09378
2.4 0.09589
2.5 0.09811
2.6 0.10037
2.7 0.10294
2.8 0.10545
2.9 0.10778
3 0.11061
3.1 0.11358
3.2 0.11667
3.3 0.11983
3.4 0.12336
3.5 0.12675
3.6 0.13031
3.7 0.134
3.8 0.13773
3.9 0.14167
4 0.14567
4.1 0.14972
4.2 0.15389
4.3 0.15814
4.4 0.16275
4.5 0.16773
4.6 0.17256
4.7 0.17764
4.8 0.18272
4.9 0.18804
5 0.19356
5.1 0.19925
5.2 0.20512
5.3 0.21135
5.4 0.21734
5.5 0.22353
5.6 0.22909
5.7 0.23473
5.8 0.24018
5.9 0.24494
6 0.24982
6.1 0.25419
6.2 0.25799
6.3 0.2607
6.4 0.26129
6.5 0.25832
6.6 0.25324
6.7 0.24936
6.8 0.24315
6.9 0.23746
7 0.23357
7.1 0.23057
7.2 0.22722
7.3 0.22295
7.4 0.22173
7.5 0.21932
7.6 0.21609
7.7 0.16684
7.6 0.17349
7.5 0.14615
7.4 0.12671
7.3 0.11214
7.2 0.09776
7.1 0.0845
7 0.07167
6.9 0.06124
6.8 0.05172
6.7 0.04254
6.6 0.03413
6.5 0.02626
6.4 0.01894
6.3 0.01246
6.2 0.00774
6.1 0.00329
6 -0.00251
5.9 -0.00776
5.8 -0.0126
5.7 -0.01696
5.6 -0.02072
5.5 -0.02415
5.4 -0.02716
5.3 -0.02933
5.2 -0.03149
5.1 -0.03278
5 -0.03394
4.9 -0.0354
4.8 -0.03819
4.7 -0.04059
4.6 -0.04257
4.5 -0.04441
4.4 -0.04622
4.3 -0.0478
4.2 -0.04902
4.1 -0.05011
4 -0.05122
3.9 -0.05193
3.8 -0.05217
3.7 -0.0525
3.6 -0.05255
3.5 -0.05298
3.4 -0.05355
3.3 -0.05389
3.2 -0.05472
3.1 -0.05483
3 -0.05548
2.9 -0.05606
2.8 -0.05705
2.7 -0.05779
2.6 -0.05889
2.5 -0.06003
2.4 -0.06113
2.3 -0.0623
2.2 -0.06306
2.1 -0.06403
2 -0.06522
1.9 -0.06611
1.8 -0.06713
1.7 -0.06839
1.6 -0.06922
1.5 -0.07023
1.4 -0.07091
1.3 -0.07191
1.2 -0.07306
1.1 -0.07408
1 -0.07506
0.9 -0.07654
0.8 -0.07796
0.7 -0.07941
0.6 -0.08096
0.5 -0.08196
0.4 -0.08269
0.3 -0.0838
0.2 -0.0848
0.1 -0.08596
0 -0.08738
-0.1 -0.08846
-0.2 -0.08987
-0.3 -0.0913
-0.4 -0.09265
-0.5 -0.09424
-0.6 -0.09547
-0.7 -0.0968
-0.8 -0.0983
-0.9 -0.09971
-1 -0.10113
-1.1 -0.10241
-1.2 -0.10404
-1.3 -0.10582
-1.4 -0.10772
-1.5 -0.10961
-1.6 -0.1115
-1.7 -0.11354
-1.8 -0.11543
-1.9 -0.11743
-2 -0.1196
-2.1 -0.12237
-2.2 -0.12493
-2.3 -0.12761
-2.4 -0.1305
-2.5 -0.13378
-2.6 -0.13695
-2.7 -0.14042
-2.8 -0.14334
-2.9 -0.14667
-3 -0.1502
-3.1 -0.15342
-3.2 -0.15718
-3.3 -0.16109
-3.4 -0.16515
-3.5 -0.17013
-3.6 -0.1758
-3.7 -0.18281
-3.8 -0.19039
-3.9 -0.19906
-4 -0.2086
-4.1 -0.21974
-4.2 -0.23181
-4.3 -0.24542
-4.4 -0.26048
-4.5 -0.27854
-4.6 -0.29811
-4.7 -0.31961
-4.8 -0.34285
-4.9 -0.36738
-5 -0.39295
-5.1 -0.41978
-5.2 -0.44723
-5.3 -0.47595
-5.4 -0.50583
-5.5 -0.53655
-5.6 -0.56878
-5.7 -0.60165
-5.8 -0.63562
-5.9 -0.67071
-6 -0.707
-6.1 -0.74397
-6.2 -0.78175
-6.3 -0.81959
-6.4 -0.85544
-6.5 -0.88633
-6.6 -0.91146
-6.7 -0.93151
-6.8 -0.94868
-6.9 -0.96476
-7 -0.97807
-7.1 -0.98873
-7.2 -1.00148
-7.3 -1.01291
-7.4 -1.02413
-7.5 -1.03511
-7.6 -1.04742
-7.7 -0.90356
-7.6 -0.86888
-7.5 -0.73205
-7.4 -0.62994
-7.3 -0.54697
-7.2 -0.4779
-7.1 -0.41816
-7 -0.36543
-6.9 -0.31894
-6.8 -0.27795
-6.7 -0.24155
-6.6 -0.20882
-6.5 -0.17901
-6.4 -0.15217
-6.3 -0.12825
-6.2 -0.10902
-6.1 -0.08824
-6 -0.07477
-5.9 -0.0666
-5.8 -0.06104
-5.7 -0.05662
-5.6 -0.05419
-5.5 -0.04779
-5.4 -0.03913
-5.3 -0.03135
-5.2 -0.02504
-5.1 -0.01551
-5 -0.00657
-4.9 2.40E-04
-4.8 0.00547
-4.7 0.00912
-4.6 0.01169
-4.5 0.01353
-4.4 0.0157
-4.3 0.0167
-4.2 0.01792
-4.1 0.01903
-4 0.01994
-3.9 0.02094
-3.8 0.02188
-3.7 0.0227
-3.6 0.02369
-3.5 0.02469
-3.4 0.02577
-3.3 0.02669
-3.2 0.0276
-3.1 0.02843
-3 0.02953
-2.9 0.03027
-2.8 0.03136
-2.7 0.03253
-2.6 0.03361
-2.5 0.03479
-2.4 0.03611
-2.3 0.03717
-2.2 0.03844
-2.1 0.03931
-2 0.04
-1.9 0.0407
-1.8 0.04167
-1.7 0.04259
-1.6 0.04353
-1.5 0.04444
-1.4 0.04544
-1.3 0.04603
-1.2 0.04666
-1.1 0.04744
-1 0.04794
-0.9 0.04886
-0.8 0.04953
-0.7 0.05011
-0.6 0.05033
-0.5 0.05067
-0.4 0.05136
-0.3 0.05203
-0.2 0.05283
-0.1 0.05361
0 0.05425